tPlunge     logmu     logM     ePlunge     nuPlunge     gamPlunge     phiPlunge     costhetaSky     phiSky     cosLambda     alpPlunge     SMBHspin     costhetaSpin     phiSpin     Zeta     SMBHQuad      SNRI     SNRII     SNR_tot   
49331430.6667    -8.82222528116    1.42151528055    0.198570438824    0.00223500447358    1.50322013273    5.39381038898    0.737534511709    4.89424928716    -0.604313274215    5.68049324991    0.9979    0.69123670362    4.27579931027    9.13627119336e-23    0.0    14.0756361434    14.6459115328    20.3132040178  
43842879.1134    -9.24392571506    1.37628750936    0.0365492060527    0.00267990732716    3.5422436604    3.78419406198    0.197223012974    2.43690047861    0.204542523399    2.52303211915    0.9913    -0.757601235359    0.758688199847    1.48294108901e-22    0.0    29.6724769735    32.3302494416    43.8828089199  
29482867.6844    -9.42998284679    0.591788511955    0.0470739249603    0.00583438386957    5.98386535609    1.81193182307    -0.0136895548083    0.158064930097    0.869849088525    0.448293880803    0.9797    -0.850841313464    3.87943525794    2.08426842123e-22    0.0    28.0416521652    25.7791774188    38.0906844851  
19474071.3131    -9.6759475652    1.55030605569    0.159109129375    0.0020461373163    5.95118978783    0.547304754976    -0.68117712619    4.96899303277    0.284894463072    0.376619346739    0.9711    -0.23398149349    5.60201242115    4.38367892948e-22    0.0    48.801797538    49.772898507    69.7062182931  
55590969.9328    -9.14188672423    0.998698025312    0.0335782382317    0.00391632191337    1.92096832702    4.70570671449    -0.954706257106    5.1652203559    0.585742879018    3.68565831834    0.987    -0.955981008173    0.651977431953    1.28233549713e-22    0.0    19.0105232589    19.089320786    26.9407157041  
35366852.2764    -9.14432749083    0.811359675745    0.108512928458    0.00448085416149    0.26172997829    1.47434240951    0.153093458517    4.12388998815    0.909631579198    2.04684954216    0.979    0.409897662316    1.76583789002    1.2865513679e-22    0.0    19.7712346862    20.0213131967    28.1381360992  
25570605.8789    -8.85655320574    1.7765544952    0.00509290731706    0.00182777853077    1.25983595064    5.54625178319    0.253844752576    4.86403259213    -0.913132706672    6.26372076541    0.9785    -0.23361587937    1.18292061478    9.41393281005e-23    0.0    19.9233723344    18.2489571472    27.0178682012  
43565012.604    -8.80218028759    1.00107574584    0.137005413762    0.00361739945855    0.183635196495    0.152232350985    0.701206386663    4.94712796898    0.107189994802    3.42248613562    0.9685    -0.794624146158    3.46090631506    8.98278520032e-23    0.0    15.2782518235    15.6662981434    21.8828214886  
60758805.4733    -9.00189082935    0.87435715152    0.197806855983    0.00386604512481    0.103378109296    3.86225512679    0.417089477528    3.00977239793    -0.833716142548    5.44548047031    0.9971    0.253061974496    3.18039656908    1.08556416809e-22    0.0    17.5611881346    16.7114428345    24.2418574022  
43806915.9418    -9.07413651773    -0.0473121776681    0.0385994073055    0.0111132495489    4.93891520156    4.14300420642    -0.357334797488    1.57318917497    0.414866728385    4.95850215043    0.9823    -0.482972892614    5.46332332105    1.17807394011e-22    0.0    15.776737273    15.3081520556    21.9828332645  
45535980.2646    -8.93264740278    1.49023427917    0.128006084812    0.00223568480613    1.89535751898    2.69950072809    -0.642793214599    5.67941923165    -0.353119834204    0.382573108617    0.9822    0.991166251149    5.92461204814    1.01094012631e-22    0.0    13.0946479908    15.2003364224    20.0629019176  
59546497.9817    -9.17675465964    0.896134088173    0.109416139718    0.00411362525762    2.22038082278    1.69500078384    -0.111564273606    4.39368029358    0.576138458197    3.03697705164    0.992    0.946083919828    1.89559467192    1.3442136179e-22    0.0    23.9911322888    24.1300836797    34.0269799848  
35692634.82    -9.41060015779    1.55569160611    0.183489290955    0.00198600846206    6.17475675193    4.31256919485    0.804487166686    0.658968632392    -0.72772811793    3.24126038502    0.9787    0.41349790013    1.20312625032    1.999749554e-22    0.0    33.7526622152    35.0167990555    48.6355674656  
45370907.3169    -8.97315695777    1.07210076893    0.00429529760484    0.00369863729208    4.97812142258    1.7323443973    -0.75301804455    3.46285596381    -0.445384510865    2.96820807452    0.991    0.355634207762    3.88570117747    1.05311883374e-22    0.0    14.5127688668    14.6256124167    20.604101503  
49274429.3402    -9.64519730553    -0.167526804257    0.166674171229    0.0113180777837    1.99595392641    4.02422435119    -0.978478540884    2.29564034223    0.418684563224    1.02501537167    0.9744    -0.384430856104    5.78930796631    3.86473641712e-22    0.0    38.7659450661    37.9390373464    54.2417648278  
31866475.9601    -9.3470136181    0.265127852601    0.169163880412    0.00732488256802    1.38082927252    5.64181190334    0.557892606414    3.74228747531    -0.508467120545    6.12440892549    0.9774    0.103149670793    5.29068726596    1.76485753678e-22    0.0    16.0737748093    17.180339037    23.5272243592  
37900999.9615    -8.5998705474    1.44170304315    0.104259585828    0.00239383623452    0.248547376654    1.37247057668    -0.751879997798    0.910056766808    0.0507744849336    6.17587170679    0.9742    0.411701430875    0.155574128855    7.72786849327e-23    0.0    15.333785993    14.5185918023    21.1166877327  
47543168.2024    -9.25344520964    0.361689621683    0.137037514742    0.00685592137201    2.06877399521    6.26653156028    -0.991861915914    4.96736562372    0.324323351859    0.13845188091    0.998    -0.547586959172    4.6760271942    1.50502493125e-22    0.0    15.6877156339    15.7787840677    22.2502685032  
55562628.0486    -9.26222580425    1.29351503756    0.0948319832497    0.00279684304254    2.81874268816    0.948548301542    0.328677164564    2.3374110488    0.579158710453    4.76431174755    0.998    0.258649428859    5.55784542992    1.52617719479e-22    0.0    24.4878649665    27.0253292678    36.469493452  
26575316.5744    -9.38382265025    2.34048012626    0.138941007421    0.000946115175815    4.49673918311    4.97707911212    -0.21945011389    0.170022108773    0.386188861992    2.80961130386    0.9945    -0.0569735372571    0.288176604909    1.89381797455e-22    0.0    15.8085252437    14.1435822519    21.2120340679  
45420417.3937    -9.34183196753    -0.00323760587803    0.169217611089    0.00957915204096    2.46325717828    5.1631424973    0.47600615769    4.60871126672    0.499997879273    4.10263760725    0.9784    -0.177806092116    5.44496623202    1.74803388859e-22    0.0    20.2486174532    20.1560048325    28.5704574617  
57204017.9089    -9.68762791266    1.52757329979    0.125563048596    0.00215830879456    3.57580439478    2.42640135352    0.501054715688    1.4427797522    -0.661039803728    1.33218555255    0.9848    -0.447052511787    1.37860182831    4.61788596605e-22    0.0    114.902358059    112.345227987    160.698482068  
52940297.4064    -9.47323893205    -0.145006203316    0.0578922086312    0.0121040384502    0.473834909353    6.08119285381    0.822909879595    1.23972060944    -0.19475108846    3.4360992843    0.9804    0.649345154366    0.842366633779    2.30009410089e-22    0.0    18.3881649156    18.2516049659    25.9084096925  
29558756.1541    -9.03266998565    0.722692277842    0.0276876374028    0.00517902107478    5.88454445793    2.16518351983    -0.245832617097    1.14176617971    -0.45065923077    4.09065069689    0.998    0.652940471761    2.39549911362    1.12295659226e-22    0.0    14.4239440958    14.6174714512    20.5358378185  
60440495.4946    -9.15970704824    1.83536702932    0.0962161098496    0.00162509827748    4.2434306571    0.443021822467    -0.579212001594    0.649628753496    0.779706116548    2.43045084213    0.9848    0.280464952707    4.11281577971    1.31319627127e-22    0.0    19.5062349486    22.0872808365    29.467629301  
60945821.2814    -9.48801863895    2.11125376701    0.178050982495    0.00114588606253    0.865915054072    4.66979741993    0.434458993493    3.85350567722    0.0454806328253    5.34940964863    0.9808    0.119062475681    4.43546048825    2.38449088634e-22    0.0    28.2665629998    32.007017298    42.7018470342  
59639358.9403    -9.27517502446    2.24534897132    0.101533939175    0.00107403145786    0.853860378582    0.527855779955    -0.557502565638    2.16402050533    0.669842262352    5.00307444461    0.9838    0.711555489577    5.7597678067    1.55812615846e-22    0.0    19.6460690818    20.3131737372    28.2593888406  
43125752.3808    -9.18090691474    1.71630729636    0.19702312374    0.00166717831285    4.42595075566    5.71529871008    -0.899765700312    3.13756132553    0.573438064048    5.76050268929    0.9907    -0.289819172842    3.08418904445    1.35188288574e-22    0.0    19.6884075339    19.8909286083    27.9871833546  
37436390.1737    -9.36094498378    0.942893048857    0.190906107625    0.003636851097    5.56094696778    0.591249743094    0.212830439721    3.49662266773    0.779956512423    1.88033011876    0.9758    0.066564888868    1.23856166003    1.81163430923e-22    0.0    35.3470326847    35.7364351273    50.2643563096  
13440294.9105    -8.828593662    0.895453444226    0.193605078632    0.00380255492715    4.07825580374    2.81199371599    0.249262515082    2.40360737054    0.987067471582    4.89250050964    0.9703    -0.0702055970637    5.16231073801    9.18632795651e-23    0.0    13.7757137881    15.5650377915    20.7855885609  
14358727.0928    -9.27438702305    0.734489859174    0.123685803076    0.00477800216264    0.738205939397    3.2921107494    -0.151022418808    0.516835230951    0.8309406791    1.78020374132    0.9819    -0.638298084764    3.60559277525    1.55623877484e-22    0.0    19.9499601595    20.4689945989    28.5828733729  
60418898.8018    -9.31895097821    0.193488557964    0.0617453939421    0.00860601604529    1.69147821267    3.78588138424    0.594761453174    5.64761371628    0.00849622457374    0.406505608554    0.9748    -0.920937990177    0.526088671365    1.67773737294e-22    0.0    21.5856130928    23.1861274108    31.6786236586  
6186967.43328    -9.58431760393    0.301601234329    0.181141677541    0.00697722954743    4.57024710873    5.17008173284    -0.20418200167    3.81860365647    -0.951570206592    5.55998471374    0.9786    -0.737183703068    2.41008397634    3.12203122487e-22    0.0    19.6989198724    17.7272306253    26.5009839399  
34418340.2879    -9.573565195    0.444291769087    0.0177838715988    0.00687992039572    3.08452393999    5.00696552288    0.985911350831    3.13968230923    -0.985602922349    6.27715034527    0.9755    0.293069409026    4.9029381671    3.0184634702e-22    0.0    31.6813807732    23.2362564791    39.2891015787  
40415052.034    -8.82560552836    1.37668850167    0.104441031905    0.00255427043537    0.0607429703825    1.30737340784    -0.05948569868    4.68211989366    0.834043255428    4.8350164494    0.9778    -0.027555224064    1.72532147463    9.16283679173e-23    0.0    20.1336600918    18.7602241447    27.5192710414  
12889885.6049    -8.97269081163    1.04470563545    0.167720469611    0.00336400884514    6.25325525662    0.369041349328    0.0507678097898    1.64468682137    0.559511528541    2.58254898393    0.972    -0.556140240037    2.31225737945    1.05256583975e-22    0.0    14.8002830698    13.9582719006    20.3440834986  
21999396.1873    -9.41784744159    1.40130913486    0.0296235073999    0.00262445660094    5.4152932615    4.88875150456    -0.955398329303    5.1507119919    -0.634068780526    1.73567813692    0.9812    -0.518037778218    3.0101689304    2.03034050695e-22    0.0    28.1845158007    29.1084305035    40.5174981619  
41293013.2105    -9.08376796541    2.01100804667    0.0241028520334    0.00143097498    2.51015136481    0.642152298847    -0.274980276502    4.39877771359    0.371752707299    2.75305321326    0.985    -0.98440953219    6.1329043211    1.19182809727e-22    0.0    20.7836891706    20.7483579511    29.3676027828  
50417146.0571    -8.82829108505    1.46725764126    0.0217091311305    0.00246812509397    1.68598441509    0.689904999651    -0.151873794846    0.330550130763    -0.0176027640208    3.29905055261    0.9919    0.703197656392    2.0140819341    9.18365433091e-23    0.0    17.2482797621    17.1576745969    24.3287679985  
44731342.0036    -9.03924827626    1.22959046296    0.0501049741502    0.00307723808652    4.1530421683    1.02130251669    0.211123042364    3.22471270295    0.0519729002611    3.6957916242    0.9913    -0.939234753104    3.58321227119    1.13132540872e-22    0.0    21.4067402514    19.2513215776    28.7899619777  
32405402.4554    -9.55552645355    -0.738007098437    0.0283411546784    0.0223078075294    5.20883451705    4.76791102679    -0.685990116538    4.6099541775    0.288630666645    2.99637224034    0.9945    0.141912556349    2.27741731284    2.85907813936e-22    0.0    24.7869427578    25.2697622508    35.3970820194  
44191631.6093    -8.94605731356    1.5067579746    0.158820619226    0.00213780587865    5.38813082595    2.55331167042    -0.251612049972    5.59192314786    0.387387680977    3.59252374654    0.9705    0.392160962416    0.979883948462    1.02447771739e-22    0.0    17.075772047    18.7426215676    25.3548388721  
6634585.64117    -9.2079565523    0.507340730571    0.022836524052    0.00644136704366    1.5020939645    2.336572424    0.934293672398    4.5427370772    0.173907571573    3.77090349458    0.9796    0.708966260128    2.51377838525    1.40512773036e-22    0.0    14.4953281669    14.7496424223    20.6800988937  
34272942.7108    -9.46240666098    -0.999945927204    0.144919959712    0.0265646797555    4.57004129143    6.06366587054    0.629875236333    2.51046655713    0.983393044811    5.33820433038    0.9727    0.583188082455    1.61632188283    2.24208909733e-22    0.0    16.6388112081    16.659073062    23.5451641257  
27902595.124    -9.23540466533    1.39678200157    0.0507463523188    0.00260238483785    1.21647789827    1.20017153838    0.462491851788    5.40796451143    0.0591617601734    4.81761657846    0.9925    0.379347471023    0.0592480087369    1.46363337401e-22    0.0    22.2465467906    23.935930729    32.6777848694  
41548212.9787    -8.81245029227    0.865545112093    0.0574617203473    0.00440735068886    5.10368114906    2.56466552786    -0.0253500679074    4.36460985183    0.702067234806    0.272173565734    0.9917    -0.610624186225    4.50091801037    9.06043289937e-23    0.0    14.5752322629    14.5721073063    20.6102815814  
15735421.8136    -9.48199003352    -0.219150721425    0.120030918471    0.0124382384275    2.75219503072    1.34465654909    0.0215403955842    3.96850574941    0.333483629207    5.43044933178    0.9917    -0.271527843933    4.44061544142    2.3492096631e-22    0.0    14.1993255547    16.357225919    21.6605559941  
26667568.9546    -9.28113134494    0.957083012544    0.0640959938413    0.00400390614049    4.22663484271    5.58295278908    -0.0442213836013    2.73650504395    0.586229071716    3.84615858392    0.9696    0.297785639496    0.367917063754    1.57348226385e-22    0.0    23.8846309801    23.8762811877    33.7720653856  
61837255.4722    -9.33628589018    0.586934826585    0.104761366722    0.00562524165943    3.83093111228    4.78648643443    0.563297447358    4.90749905608    -0.368508105074    4.3479924172    0.9951    -0.515233552745    1.94455884288    1.73065852364e-22    0.0    18.2869055931    16.7205622902    24.778783656  
41730430.8581    -8.82647754344    1.27404222548    0.098109622642    0.00284458971024    0.363511057741    6.16833285717    0.635355113936    4.95341399713    0.175581414836    1.67940659527    0.9834    -0.622307379508    6.15111013986    9.16962409951e-23    0.0    18.0411554767    18.7812102637    26.0426025947  
47302694.2099    -8.9219588616    1.14171954584    0.0724987994258    0.00330949705864    1.26463637126    3.24336257121    0.205074991914    5.74594316726    0.27923403986    4.81077085396    0.9687    0.204882350546    4.64771597383    1.00044862263e-22    0.0    18.6298571571    18.8120263999    26.4757231245  
56910856.5898    -9.30115604289    1.1475145921    0.170886335087    0.0030257851498    0.536493387369    0.828620198256    0.821567030612    3.95862613546    -0.121998994267    3.81416611627    0.9838    0.582649634854    4.25155360137    1.62711335244e-22    0.0    15.6215789658    16.7098167687    22.8746957538  
57916024.0622    -8.69587379561    0.977286180056    0.126510480658    0.00373890742466    5.21655333468    2.91650888719    0.176017260521    0.67384027084    0.910832458692    0.337745277996    0.9697    0.0408583696213    0.647452346727    8.26405029675e-23    0.0    16.9910331238    17.2618741059    24.2212201233  
49141388.0019    -9.46634367394    2.43249505262    0.103720754453    0.00088917209066    5.32473635855    0.0318924583238    -0.0756568644079    2.90922732569    -0.78599485331    1.14239361214    0.9917    0.639456501241    1.45006329344    2.26270700474e-22    0.0    30.9437277485    29.2837885601    42.6034571298  
15623272.1165    -9.4342252215    0.859711695236    0.0408780660643    0.00448042388286    0.00363052399749    5.92251470984    0.818682186386    3.39741567464    0.576873841664    3.06963280046    0.9967    0.507666007973    3.02333083662    2.10349373469e-22    0.0    28.4442310864    25.8355100111    38.4258748714  
36518605.5843    -9.421308388    0.763485995331    0.0350578028397    0.00495046263397    1.71153410565    1.84375978863    -0.168148586254    5.48631996023    0.984813469879    4.51180126826    0.996    -0.326120016225    0.0803802308314    2.04547165946e-22    0.0    35.0310192789    38.0069892277    51.6885242764  
12994342.3613    -9.44245368381    0.4222813716    0.0978740213118    0.00666829165749    5.50264313144    1.42593352134    -0.530878270141    4.23358196819    0.424669070202    5.71747890311    0.99    -0.681315212029    5.8437535372    2.14230438743e-22    0.0    17.927338932    16.8505911237    24.6034937032  
42422971.4334    -9.06306542643    0.773808349348    0.0676618321662    0.00479748901749    4.82328976658    5.98980517652    0.379054846163    5.38482179746    -0.357606523911    2.70866356212    0.9682    -0.515797830725    0.494541545358    1.16282703406e-22    0.0    19.1958896335    20.2379100265    27.8936405128  
61120289.3253    -9.21100773577    0.47527697493    0.13788903848    0.00611509514668    5.48664427009    4.97838084888    0.547275836631    4.50068803947    0.836846061706    3.88432996293    0.9713    0.607593587568    5.56541671756    1.41139541628e-22    0.0    19.7234825703    17.3393146203    26.2615231127  
42116457.7637    -9.08415863281    1.08981360059    0.0156277282202    0.00361201374967    6.09513498845    3.32979214974    0.827422404821    4.83971293156    0.863463534601    5.26143982687    0.9877    -0.199997714313    3.04141375805    1.19240653808e-22    0.0    17.3697035891    17.3259585499    24.5335574764  
48593216.6904    -9.0370092837    1.62925564257    0.0265302145363    0.00209325531155    1.81551942837    4.57522306452    0.157555604966    5.36675726601    0.721728535749    5.52890015305    0.9867    0.663286095812    4.31380503447    1.12850132908e-22    0.0    20.2488336206    20.9550854247    29.1398501737  
47063958.2564    -9.00173089332    1.03915192169    0.0444589230608    0.0037361396698    6.08742356794    2.04673211069    0.240439968469    4.08480956797    0.993712180517    0.689196877061    0.9743    -0.661720170669    1.69727559764    1.085403048e-22    0.0    16.8581201537    19.069215517    25.4525282742  
22947986.8139    -9.55281727194    0.301556150548    0.0228681907699    0.00791300402829    1.87390478492    5.63580561907    -0.627620773817    4.08062331522    -0.0172028245995    0.782493117951    0.9933    0.24004660964    5.45216236888    2.83665471697e-22    0.0    47.7271310863    49.6482839006    68.8682157166  
11969269.3814    -8.98456734299    1.10144613985    0.0551247581749    0.00348656011649    3.70522818676    1.1740141685    0.834630929367    5.19026543158    -0.0986429953461    5.12651612306    0.998    0.259462175812    3.10765017756    1.06570136164e-22    0.0    19.8692415315    18.6669236124    27.2624429608  
35048420.9702    -9.60128490748    -0.413970386435    0.0238181096555    0.0161754744426    4.2660033839    3.75241285948    -0.484627856256    2.30159754275    0.491748187821    2.79877987329    0.9819    0.328435846409    4.00725982925    3.30009620372e-22    0.0    30.1094485048    34.1884682455    45.5568902608  
46145542.4903    -8.92122082696    1.54195609412    0.0864021165978    0.00219559323834    1.02879287218    0.214876634705    -0.454911556355    1.72630955358    -0.998248626338    3.24694443433    0.982    -0.0714513715292    5.67746303813    9.99721325984e-23    0.0    18.8833895289    18.3542985039    26.3336794556  
34884520.093    -9.46012774627    1.66435161351    0.175692061774    0.00179586399478    5.07314170376    0.551311788764    0.193090917638    1.37583789112    -0.369158751911    2.45302364048    0.9897    0.774930113141    5.49837332687    2.2301856959e-22    0.0    46.2758080056    43.2440844033    63.3364132427  
53027524.9361    -8.89896850439    2.17024881316    0.0988347315437    0.00116026092639    2.60066200357    3.63145466329    0.361164968665    1.2016798973    -0.949111829221    6.02310762297    0.9776    0.409218420525    1.99768902529    9.78698642485e-23    0.0    18.4814879864    17.7131674103    25.5992519011  
9427715.47683    -9.47837735944    2.09487583496    0.191332904958    0.00114875739808    2.18770652819    1.52028477724    -0.325576577686    0.994365585473    -0.0486844209153    3.56075451536    0.9826    0.646696368159    5.67885698141    2.32911435651e-22    0.0    43.6527295716    41.8130700384    60.4474451494  
17086731.9027    -9.22966360106    1.06104969655    0.142613095258    0.00338957151126    3.53742957672    2.14076311078    0.163159592051    0.55346748178    0.679144386649    2.88141618057    0.9911    -0.51565122753    2.25582587197    1.45101362963e-22    0.0    18.9613933142    20.6931071488    28.066690576  
52384456.5508    -8.93799730985    1.42271457459    0.0635049614864    0.00251441911042    6.07200802469    5.71901793309    0.947723819659    5.83613662957    -0.495581040981    3.5916260413    0.9914    -0.41694980725    4.19501646832    1.01626422471e-22    0.0    16.7391283975    17.0455416507    23.8903518114  
52812672.5635    -8.70712617219    1.1523129375    0.173998147877    0.00300188903032    4.35407643637    2.2675242383    0.365489702655    0.0888649075023    0.494792750746    4.10420451044    0.9973    0.407956480418    1.82203355509    8.33341368589e-23    0.0    15.0691091547    14.5767110599    20.9656518153  
56344553.6572    -9.19269354724    2.42453902245    0.0902952370664    0.00090568700386    2.65832376789    0.281094047614    0.583958860688    0.647439556748    -0.797538383685    3.40388362171    0.9938    -0.971040696563    1.56724960495    1.37457892135e-22    0.0    20.6628411743    20.3911869118    29.0302171722  
17214527.8537    -8.97063459473    1.84944301576    0.0806507502844    0.00162127755842    0.167773113428    5.81024611729    -0.178548271779    5.49901650728    0.0698394276524    3.64108460023    0.9965    0.865410375603    0.933930594966    1.05036281197e-22    0.0    16.2645887696    18.560468479    24.6784893785  
37516676.9451    -8.8706914083    0.567144370866    0.102496884833    0.00574804871036    5.2447731935    4.32429941379    -0.400752250087    0.956546516116    0.533299566278    5.77343651081    0.9978    0.626852984716    5.91530770073    9.53465124326e-23    0.0    13.8828685776    14.7781074898    20.2762546079  
54451748.479    -9.55427514994    0.959098126158    0.0694942638005    0.00398098138331    2.49012935786    4.57652761033    -0.552702163096    0.0417365238432    -0.370366615889    3.94243672779    0.9807    -0.383837421317    3.43801960426    2.84868799315e-22    0.0    50.1699459172    44.1548739337    66.8331980788  
38688371.4144    -8.91036112453    2.05892399998    0.107985887383    0.00128746722013    3.47136943699    2.19197772583    0.462775830107    4.2048037847    0.331314410507    4.92777502473    0.9833    0.0925269621322    0.804479899632    9.89357785336e-23    0.0    14.764558941    14.560963197    20.7367753025  
29840840.4734    -8.86565396673    1.67673188154    0.147739816496    0.00182265706779    4.26314218988    2.94256094607    -0.973402132675    5.69190215348    0.769843767911    1.44161764317    0.9738    -0.922131731808    2.73563683267    9.49154230409e-23    0.0    15.294477234    15.3574646875    21.6742417512  
61144925.548    -9.20276148082    1.28574387627    0.108523041248    0.00278826984826    4.34229525078    3.51371963759    -0.284313054779    2.01749903788    0.0975409893363    0.742720615005    0.998    -0.237817397136    4.08114659639    1.39457885584e-22    0.0    27.7944914702    27.7425332768    39.2706239917  
53551381.6754    -9.24016344513    0.169350537391    0.0961917116663    0.00859863708107    0.205471259611    1.54661917062    -0.769022108649    3.48807690564    0.592771946091    4.57762270936    0.9957    0.587337984489    6.12029834964    1.47428873497e-22    0.0    20.99085182    21.0395297239    29.7199877377  
28619717.9892    -8.90657337917    0.949872369899    0.0704745722617    0.00401512432216    0.145702658804    3.6725943472    0.868844029394    0.85419022906    0.488523100567    0.213068324439    0.9908    -0.152627964983    4.70577801734    9.85801827817e-23    0.0    14.4822928555    14.5949327942    20.5608577064  
49404110.3607    -8.50941878728    1.64037630263    0.0991677403963    0.00197043899453    3.20117087836    4.57468040512    -0.207642111993    2.86407864779    0.918035197679    5.56571528574    0.9909    -0.309282898575    6.1613736324    7.29909155746e-23    0.0    15.0618961594    14.7933191569    21.111679412  
57947324.4527    -9.25452570678    0.539980503293    0.0952011031764    0.00594018786796    6.02190270283    4.92009206906    -0.325739177317    1.99406960318    0.692245739418    1.8109015821    0.9935    0.311635623894    2.5579221323    1.50764232433e-22    0.0    23.3005435001    23.1287537176    32.8306956358  
27856521.7561    -9.31123906863    -0.256553448943    0.0285210746798    0.0137822096857    5.80966713803    0.0816598305009    -0.502281195295    4.71896726977    0.322430811915    4.52966438808    0.9868    -0.329371141956    5.8716395729    1.65544938218e-22    0.0    19.86761339    19.2674945633    27.6759536162  
25824647.4776    -9.64588231526    0.38809274448    0.192215637107    0.00632507461499    2.10740892328    2.37831511773    0.0623284997056    5.16673495052    0.791461435353    1.25826235822    0.9863    -0.143436373059    5.31269195605    3.87494770096e-22    0.0    65.2893691963    67.9214313734    94.2126454881  
62809638.956    -8.83829083055    0.997201394176    0.137499458584    0.00362983136038    3.83028244681    3.08558299522    0.695595648992    1.60759095155    0.346555298441    1.12520679741    0.9962    -0.836019439377    1.45283958766    9.2640331326e-23    0.0    16.3635036484    16.6461872553    23.342232151  
52136444.5651    -9.30819260778    0.273554739692    0.102283558695    0.00771078068225    1.05960064043    4.51633096918    0.903271003628    0.965818113561    0.620591118315    5.92685837866    0.9886    0.68160984341    0.360978665528    1.64671973287e-22    0.0    22.2516089885    22.4551298276    31.6127657466  
21667075.6506    -9.18014198665    0.329304188902    0.0088551176936    0.00775545260798    3.44752199182    1.0231799172    0.745592594328    0.78650322419    -0.571312110502    2.75084596344    0.9777    -0.480125400003    1.3670283277    1.35049060055e-22    0.0    17.2516245766    17.6703426023    24.6953347459  
50223850.2534    -8.96599457403    0.998902932922    0.191595858349    0.00343622457551    0.260301511257    5.36070268162    0.377756855776    3.39501200382    0.137162558164    4.89714664406    0.9957    0.985821569481    4.42466732326    1.04538562924e-22    0.0    16.5028229297    15.1825250194    22.4243668943  
42581129.8855    -9.36168964943    0.99671964991    0.0758397885055    0.00381682309389    3.95893550408    4.15410827925    0.649211972382    2.02001293375    -0.456719098003    4.12666707505    0.989    -0.513194940311    2.83781260955    1.81406086484e-22    0.0    29.9596302778    28.7205976384    41.5024357729  
39776948.6212    -9.11466304763    0.216563041726    0.0112675633207    0.00866994363567    0.0841148571046    2.62771908354    0.824819227509    4.47943918302    -0.143308554165    4.96728740888    0.998    0.177591734528    6.26488405596    1.23819808435e-22    0.0    19.1952734122    18.1023623581    26.3847312723  
49267216.4167    -8.91529940617    0.8619374157    0.0510748783481    0.00444180589599    1.57359847118    3.55388379203    -0.806093094749    1.78732427635    0.338569624095    1.98576182845    0.9951    0.973714412607    1.2605584115    9.94075764771e-23    0.0    13.96908069    14.5210175954    20.1493217586  
52326791.4318    -8.7549132959    2.00598787769    0.174137977854    0.00127816498628    4.56969196357    5.49770103298    0.446961353274    1.12980128613    -0.287105430155    3.52892543149    0.9959    -0.742713028426    1.50548288411    8.64483471387e-23    0.0    14.5996995478    14.2319430407    20.3887083847  
38122934.2883    -9.04332448189    0.961868264187    0.134989791217    0.00376883083673    2.24448132635    2.11484857523    -0.627064850809    2.50024566266    0.041983983123    1.48206959672    0.998    0.663702775439    2.69574872399    1.13654928997e-22    0.0    15.7746594997    15.618809946    22.1988086721  
26498672.4581    -9.16614246984    1.25927205571    0.195957244187    0.00263615527773    1.09634555317    4.28921283034    0.044471766932    0.565466478629    0.874738693343    5.73188304609    0.9912    0.594647229176    3.79753102852    1.32475603346e-22    0.0    24.9770567501    25.5687766627    35.7437505576  
14416384.5427    -9.71482624192    -2.1425449051    0.0192575020494    0.0913437219485    1.81813422881    1.70002277655    -0.483043137518    2.13215507164    -0.763363210481    5.4245361204    0.9789    0.841940171164    3.61916909844    5.26563260436e-22    0.0    18.5232200347    18.7782902048    26.3767674947  
12003965.8242    -9.02728246259    0.824788374804    0.141548233777    0.00429708305169    3.07610574873    0.149500449189    -0.924159431255    1.03684301436    0.0273928998315    3.59597593124    0.9814    -0.315186126363    3.14397417443    1.11616974763e-22    0.0    16.9907329922    16.1090465712    23.4133805557  
14089929.9789    -9.15905174022    1.0130784251    0.0126829016504    0.00390630219531    1.25788654749    5.72905996471    0.550402242141    3.85733168363    -0.104910270497    6.268220639    0.974    0.154372933028    4.82575687954    1.31201726825e-22    0.0    19.6129752656    19.15888383    27.4177247119  
27551636.9424    -8.59896145643    1.13959193588    0.18625866883    0.0030021595211    0.656886141296    4.77520199958    0.408197443628    2.22042421122    0.993879009633    5.41084584213    0.9831    -0.831068303003    5.04269288304    7.72321999458e-23    0.0    14.939474186    15.5721637386    21.579624011  
26246222.1351    -9.32109460176    1.32674964378    0.091016737415    0.00271333866435    5.35212294876    3.78088819594    -0.192476120222    1.42972027069    -0.0816128015292    1.92251299653    0.998    -0.871379163029    5.29837717618    1.68416242388e-22    0.0    36.4393496037    34.4755529889    50.1636317807  
58595155.8717    -9.26118878248    1.81585732438    0.0258624755682    0.00173759544635    1.4224460233    0.415081739532    0.256090559474    3.57522869209    0.431266741402    3.19937452766    0.9675    -0.768518908248    4.71603267899    1.52360136203e-22    0.0    26.2431839279    27.987902863    38.3670093875  
18541695.7138    -9.13437168176    1.32258825956    0.159326458438    0.00256885912441    3.35897958898    4.89853735141    0.013175826842    4.13887692649    0.0365881584859    3.15362435849    0.9905    -0.452141107476    3.50446571749    1.26975391057e-22    0.0    16.3937575776    17.0889736353    23.6809693091  
22136159.8285    -9.17937764324    0.733711699123    0.0274124620322    0.00512307954391    1.54651646605    2.03944396033    0.629066981852    4.91289070912    0.925516177179    4.08205910323    0.995    0.801694681812    0.452519679967    1.34912146384e-22    0.0    15.9943068411    14.4469685179    21.5530218458  
47934627.4148    -8.90037647228    0.871103886859    0.0174076617007    0.00449066966751    4.80759900295    1.08759550071    0.41523538253    0.1692267786    0.318452289026    3.64002505982    0.9668    -0.710759884668    1.6474232087    9.79996971032e-23    0.0    16.6350103473    16.6282455865    23.5206743216  
47955123.3489    -8.93799730985    1.11900360082    0.188626490032    0.00305697522177    6.10304643486    2.62243308928    -0.39912093737    1.03674562813    0.95303268521    4.88649724065    0.9859    -0.0231204312331    3.29101609893    1.01627232069e-22    0.0    14.7575034301    15.8798243864    21.6783931607  
51529271.4922    -8.97490694363    0.667398391788    0.182465551183    0.00483307985639    1.45773894726    5.12136607737    -0.302550223507    5.66181318749    0.917280193174    1.50224313816    0.9958    -0.256647473964    5.12638725142    1.05501221848e-22    0.0    15.9226431013    18.2252329117    24.2010263835  
56542992.65    -9.30185747546    0.193773189537    0.145017268205    0.00805081837644    1.2038185862    2.4865743949    -0.5336664698    3.75207882261    0.913251971442    2.88953843047    0.9704    0.950722560056    2.51763887776    1.62904967225e-22    0.0    20.4422874324    20.7817900292    29.1508132354  
36551920.1957    -9.03729924083    0.834804086869    0.118254100611    0.00434193181016    6.09592248755    2.75407714978    0.8560680489    3.37016846689    0.441075174266    6.048367862    0.9691    -0.878979025437    5.900090518    1.12884670239e-22    0.0    15.5210832262    15.5016983168    21.9364234829  
29077660.0229    -9.17990306657    1.74586319969    0.0319193095662    0.00185701696452    4.23221470331    2.33630207538    0.867700130938    3.40308853606    -0.815969151744    3.19233939527    0.9902    0.518396164248    5.15389664498    1.35006677142e-22    0.0    18.1779419771    17.8072763991    25.4467417811  
14842690.6408    -9.27422949726    0.696424472425    0.16369449161    0.00478449306051    5.90516046678    3.52490454027    0.6770138167    0.907626930679    0.798799067849    4.69734813048    0.9713    -0.269265407798    4.79778454724    1.55579315136e-22    0.0    14.7754379151    14.7397132516    20.8703788256  
16575385.7663    -9.3491617252    2.25172249032    0.088236811486    0.00107821853344    0.393164360745    0.146643134874    -0.0341790704349    0.310710481431    0.813704109492    3.63976032161    0.9768    -0.531174448961    3.45588323217    1.77199370099e-22    0.0    24.472077125    24.1030658442    34.3488040825  
23483523.2481    -8.81955594358    0.996824824875    0.121833803817    0.00368131351829    3.67602267776    3.94243251127    -0.424805762454    4.29725970543    0.520038758197    4.66405444397    0.9869    -0.297625380405    6.208619045    9.11556958765e-23    0.0    15.0068079773    15.4314291993    21.5251781131  
52198128.4721    -8.93991226397    1.17603482508    0.0863805809703    0.00316574886853    4.5454726721    0.984387413744    -0.110265126132    5.10569571563    0.595828066292    4.39336846351    0.9771    -0.437238510038    2.19172321234    1.01822976657e-22    0.0    14.0841478996    14.7270020614    20.3776301805  
11353040.7412    -9.59692538594    -0.671875306982    0.12591299082    0.0194621489562    2.33263702181    4.33704592472    0.210271450777    6.06845679406    -0.0602671304672    2.77722945427    0.998    -0.554688313983    5.14725097638    3.25293187874e-22    0.0    17.8231584416    14.4734582756    22.959659651  
23218613.6329    -9.01602576719    0.801506293804    0.0626419034101    0.00468252123946    3.56733346907    4.25120542558    -0.0998390212001    2.76471253362    0.448061953104    5.07533177599    0.9767    -0.93169739641    1.66821636304    1.10242825436e-22    0.0    14.6130252622    15.359802445    21.2005669373  
61221234.5572    -8.64876905545    1.63089183371    0.06564328987    0.00203888264538    4.58504567981    1.81487622543    -0.531335159066    4.48632419858    -0.203962363994    0.770930318898    0.9973    -0.294642789648    2.95556429378    7.98927072846e-23    0.0    15.1337542498    15.2193817181    21.4629936769  
25644752.7788    -9.15215033722    -0.0214794094583    0.113915994721    0.0102596889587    2.54776512477    0.276341005894    -0.132765377524    5.0590133611    0.84624432855    2.74068476433    0.998    -0.21967128661    5.7025582766    1.29990739054e-22    0.0    16.2865689431    16.5670978297    23.2318974351  
51222977.2463    -9.11766652406    0.766410246128    0.0107387310383    0.00500429224786    3.11556424927    3.03023809984    0.632165359972    5.83743203867    0.38969126026    5.76499193801    0.9782    0.650574849846    1.05589863148    1.2428332696e-22    0.0    22.5467325266    22.2470577896    31.6747017021  
53077608.512    -9.06247046657    0.445594157927    0.0224387499781    0.00685317322435    5.36801558366    4.99601719413    0.793682562657    3.68768619681    0.963744218403    1.32275056532    0.9759    0.599326312618    3.17700568817    1.1619946992e-22    0.0    16.7401021111    17.9122991926    24.5169631287  
23482984.7676    -8.65958607825    1.55053674111    0.0760876618394    0.00219333593459    0.225089086483    3.28920470055    0.800154047528    0.7973191401    0.895919272773    1.68851963335    0.9856    0.275446717123    0.886300405788    8.05017671652e-23    0.0    16.1026916017    16.1624696936    22.8149535046  
45725487.5641    -9.04461736081    2.17887315797    0.105181928365    0.0011445236096    1.01208638132    0.835479499535    0.998666668165    1.37250138634    0.902997711879    1.81958494182    0.9615    -0.796546227028    4.10242293262    1.13828083226e-22    0.0    14.1348635274    14.6865440137    20.3835458644  
53249883.4917    -9.15816307993    0.833674672603    0.16355999558    0.00417144076541    0.998522697791    3.21443836322    -0.542223347952    4.93065205365    -0.51405336894    0.451145702086    0.9699    -0.98450825216    2.47768449846    1.31040985402e-22    0.0    17.0898503023    17.7349711876    24.6290922768  
17176367.4302    -9.16595398619    1.38034625674    0.00312156838075    0.00271914682249    2.19385237011    3.66584810242    0.060330971453    5.69213222344    -0.311150772975    4.59341911471    0.9874    -0.161412722175    2.29992937474    1.32433194983e-22    0.0    17.125860617    17.6493426384    24.592567931  
60124014.5799    -8.81182185029    0.994657802263    0.13478359161    0.00364792656977    3.22065437323    0.118090762708    -0.649817120975    4.96180504904    0.389967526387    2.50496611952    0.9864    -0.471788778875    3.18355553242    9.05586065073e-23    0.0    16.9365759153    17.0962938207    24.0651379829  
38962176.3434    -9.58181501066    0.968629885443    0.185112228241    0.00356618061476    1.27352883376    6.14871337363    -0.674232614677    1.91296912341    -0.708523467805    1.6130843153    0.9725    0.146656673029    0.297983174427    3.09759062909e-22    0.0    42.7161706244    46.1809312215    62.9074688832  
50951492.71    -9.16595398619    0.950223361366    0.190018176281    0.00361369871643    2.96389852023    4.50319281132    -0.0187606612865    2.36302390489    -0.795543259631    4.84241136505    0.9744    -0.363371947787    1.25116932869    1.32433194983e-22    0.0    16.0555200599    17.6281065319    23.8438642903  
55294094.9012    -8.61896401284    1.32521022827    0.18920343714    0.00248583555536    0.603109345945    5.20164326989    0.351823945884    4.74113905261    0.960889451942    6.07999174192    0.987    -0.438566693383    1.16017260488    7.82750628998e-23    0.0    15.7490077455    14.0645783147    21.1150090727  
52027242.059    -9.14881004184    0.700727951956    0.0163867302983    0.00532779334595    2.39930749949    1.910102947    -0.0699179222358    1.2171592042    0.418321277047    0.697875963212    0.9949    0.699509491197    2.89801173126    1.29420940341e-22    0.0    21.0181518319    20.5645042503    29.4051278094  
26370777.4215    -8.61143976813    1.0138264376    0.0794418905387    0.00374234313122    3.30025608708    0.386626101656    0.706333092076    1.93713768274    -0.888012067671    2.33034647485    0.9681    0.426607306017    2.3098138297    7.7876045027e-23    0.0    14.1396695313    14.2544393882    20.0778309766  
39806509.6341    -9.11439451917    0.606198709417    0.168574554161    0.00521110824353    2.97107772172    1.14692705471    0.761392110392    3.00278752556    -0.72449652317    1.03405555072    0.9901    0.0553899956938    5.5982989069    1.23778517397e-22    0.0    14.2819384807    14.22012889    20.1540525059  
28947194.1581    -8.94239589586    0.966318534821    0.0797890264961    0.00392343404348    4.97978709483    0.123849029722    -0.286826077787    4.78478380917    0.0363882916696    1.7226953225    0.9946    0.0588123578212    5.95174616128    1.02069950291e-22    0.0    19.0111840544    18.3060963811    26.3920117434  
46301652.9819    -9.15298715735    2.13336393447    0.13024604353    0.00117287938564    5.37799976584    5.68826930079    0.885413209436    6.16636639746    -0.387486643216    3.6703097634    0.9691    0.0270198252873    1.698222148    1.30136631192e-22    0.0    21.5779042162    21.9573927488    30.7852732112  
16128139.9756    -9.11847496785    0.624683594647    0.0768517652441    0.00553298753135    2.59980160303    4.82510248912    -0.361695837198    3.51686578023    0.553945900692    3.40490276976    0.9681    0.887262072461    5.92395327722    1.24410638206e-22    0.0    15.1091585548    16.0284134383    22.0271811538  
9964610.43973    -9.41349277159    1.90279192644    0.0724553016522    0.00154612931998    2.27382462793    2.76570320793    -0.515309416752    5.16890298041    -0.00680362071492    5.11162108398    0.9928    -0.476382372365    2.82087322506    2.01198499286e-22    0.0    25.5925129238    21.7827123147    33.6074883551  
21082177.1914    -8.8877042154    0.742857936052    0.0313232872444    0.00506486853488    2.61611129137    5.99499624757    0.137425208351    6.18434267285    0.0501752497437    4.80170996028    0.9792    0.59026150637    4.21636929314    9.68463032861e-23    0.0    15.4657664829    15.4343494365    21.8496927995  
44710488.0378    -9.30618484739    -0.288801106207    0.0818994784247    0.0137432003977    3.59136734175    5.5525259811    0.0803498244799    4.95082429161    -0.130530137481    5.90277144265    0.9776    -0.384338541939    4.17215453207    1.64107239171e-22    0.0    16.2758331911    16.0262859276    22.8417290654  
27097144.6664    -9.10512983217    0.0616916815497    0.152334112066    0.00912513096152    6.21545434564    0.313979811578    0.502311470989    1.97388754471    0.896274359563    3.84268336494    0.9956    0.840778160658    2.86603851842    1.22343441491e-22    0.0    15.941514036    16.172373362    22.7085342971  
40671190.4053    -9.20486566305    0.581581499195    0.174603842339    0.00530877092655    5.62479501543    6.12642601756    0.379019056424    2.14965633177    0.51850045977    2.71996644226    0.9871    0.890828377318    3.75866331162    1.39882124178e-22    0.0    18.1931745098    18.9296880975    26.2549936243  
29706377.0762    -8.99218124252    1.16820573882    0.0483730356967    0.00327568051398    0.106983660631    2.2533211183    0.113531324083    0.703104987786    0.785185937103    2.7974159402    0.9713    0.084084197687    2.9543465538    1.07434561937e-22    0.0    14.9880267599    16.8526452395    22.5533278637  
37761024.9112    -9.2332856998    0.581022742067    0.0889523609054    0.00572859742486    1.96960399928    5.52567330606    -0.88500245296    2.1826704964    -0.102821629152    0.680910646377    0.9793    -0.827823752131    3.61815115031    1.45905254001e-22    0.0    14.6221183021    14.6663297477    20.7100838219  
16181458.483    -9.02025255666    0.424030460763    0.0711617860471    0.00678984287129    1.885107995    2.2630717576    0.645039558266    5.97289605735    -0.593985244338    2.06345100405    0.9948    0.511396274034    4.63084338008    1.1075781008e-22    0.0    14.6613143935    13.6062585363    20.0021101662  
46826192.8176    -8.97853331481    0.802848160232    0.167197433682    0.00428666431182    1.95772669189    2.17152704962    -0.311681177665    1.87307975407    0.0380871124059    1.272474746    0.9694    0.0883039101118    3.58474381713    1.05904506033e-22    0.0    18.9852168458    19.0198276702    26.8736358405  
27736214.7861    -9.13986494346    0.680890736669    0.182324828912    0.00476900434542    0.228956630779    1.08903475845    0.0438068639901    1.5538778477    -0.326599630262    3.93083504103    0.9824    -0.719243002845    4.86121093255    1.27890920917e-22    0.0    16.5082192333    15.8322797066    22.8731804295  
33197546.1461    -8.86272713538    0.763690362903    0.0915735301629    0.00476270213849    3.11501827546    2.61051080034    0.0520110280713    2.98483446097    0.786052131446    1.58646459661    0.9748    0.18163030186    2.24110008075    9.46655532063e-23    0.0    15.8104468513    15.1241617578    21.8794537983  
26071920.7723    -9.39460172678    0.102180230763    0.126350434227    0.00897136522122    3.07932576628    1.33985183395    0.500056767621    1.69199763664    0.730392435311    0.076885303294    0.9885    -0.187660563207    4.82043181181    1.93492964802e-22    0.0    29.1571109247    28.605755556    40.8463752175  
49059495.4226    -9.22635482981    0.748443793041    0.167434546473    0.00452527572189    1.38766444877    5.17165856241    -0.343077562923    2.88477893075    0.608839061507    5.2575895655    0.9872    0.383568192198    6.26183679591    1.44390662033e-22    0.0    27.2050180663    26.3519743878    37.8753160004  
50686615.7626    -8.91628999565    1.30580626618    0.0142034797009    0.00291259699869    2.98435536028    4.22514780769    0.489376175178    0.98825687909    0.678189606928    5.7664189251    0.9847    -0.717183046092    1.43246293648    9.94963587208e-23    0.0    15.2708717183    14.1859793619    20.843261105  
12821673.1344    -9.03609853683    0.717651917094    0.131190619021    0.00482757527681    6.22157146599    1.92025638807    -0.031776619539    4.81731327916    0.682367422808    1.5672652092    0.9742    -0.214208656183    3.85661182749    1.12731649636e-22    0.0    14.8539268829    14.0325861445    20.4341042804  
44949778.7273    -9.210564244    0.318684163353    0.156934787368    0.00702633775236    0.84684959528    0.238050430007    -0.451979003994    5.54811649988    0.902395323639    0.777432519893    0.9725    -0.94861139378    4.40241470176    1.41038130453e-22    0.0    15.6034067835    17.4011673387    23.3723539251  
8779015.07294    -9.31407625954    -0.502083108648    0.0722413855182    0.0171291337691    2.0639660305    3.36168826852    0.395931958738    4.32863578655    -0.805313258405    5.59963381675    0.9778    0.0342731974894    0.987109590951    1.66361510461e-22    0.0    15.9443887085    15.8802247756    22.5034457408  
42099968.0583    -9.15382467834    0.587031299066    0.18274970698    0.00523599056318    5.45765487374    3.44692923707    -0.529121153141    0.562801522711    -0.220282108001    0.404652726804    0.9901    0.950449059438    4.82439368002    1.30278143502e-22    0.0    16.8489563746    16.5031833811    23.5847915535  
26156182.5788    -9.0311865504    0.787957320166    0.0507308255209    0.00478393273027    4.26030465789    1.8421682708    -0.240213810225    4.34994355045    0.0394860588153    2.05326749805    0.9678    0.106166696277    5.20497560918    1.12109785573e-22    0.0    17.6868375962    17.5459044198    24.9135101112  
60831903.7255    -8.96889206297    0.661209571461    0.057440651706    0.00540661540294    3.3832622315    4.01301131794    -0.179869033332    5.45146676325    0.99840994156    1.68481563625    0.9816    -0.61100347187    6.03390353664    1.04851095526e-22    0.0    20.0488190156    20.6955795372    28.8142700116  
56242662.4781    -9.25411395115    0.147110725039    0.0425145789909    0.00912763406857    3.87246537655    2.10753391317    0.39491160097    5.21980880219    0.258816088398    2.18332507534    0.9874    -0.93121959616    5.83140447707    1.50672368953e-22    0.0    21.1958137146    21.4416111397    30.1497132207  
47612011.5189    -9.51477123922    0.324865638671    0.0973981838762    0.0073533101659    2.52856800617    0.945260459712    -0.67375425787    5.80589058268    0.808204215376    0.448084935709    0.9893    0.68621870933    1.4745673097    2.55324485532e-22    0.0    33.672645451    36.0813206774    49.3529001528  
24452469.3236    -8.97724503214    1.55362789066    0.166848867408    0.00202399627335    4.47504712728    4.79531957901    0.491545103848    4.17323885867    0.975194119138    5.56793836851    0.9721    -0.726461427036    0.661430789283    1.0576124691e-22    0.0    19.2358261453    21.8422922987    29.1050294684  
40512721.9001    -9.7107559009    -0.146277941622    0.145508028914    0.0113064386305    5.41176898361    1.8877315553    -0.393438126599    1.8387005021    0.176565791795    3.84798814001    0.9885    -0.885369438099    0.876641867253    5.15839247197e-22    0.0    54.627022671    55.5634820509    77.9192668312  
61906032.2315    -9.42343948145    0.354027598932    0.111216921918    0.00706349110382    5.11012234094    4.2139288426    -0.470305747966    5.31017172177    0.248175451652    0.853054074489    0.9812    -0.405557009389    2.65273360603    2.0547392592e-22    0.0    34.3249304614    35.3971043379    49.3067525466  
31492442.0109    -9.22275770363    0.570366955385    0.0706765688426    0.00586752005547    4.10068945389    3.92837300444    -0.33580889651    3.07464891223    0.828260584027    0.745885965401    0.998    -0.254677668678    1.4950854667    1.43601147116e-22    0.0    16.2610256212    15.1866467305    22.249835801  
30582220.3445    -9.00605816989    0.868808259924    0.0845854157755    0.00431006366214    3.95428152455    2.88833145767    -0.538717451962    2.63282743857    0.17183918947    0.66925274373    0.9883    -0.414852055554    5.96886988376    1.09046652643e-22    0.0    13.6379439349    15.0334046447    20.2977035643  
46094953.0445    -8.62498054907    1.78707898294    0.0977148774594    0.00170350908865    4.25051100276    2.96107686077    0.850332160104    5.47224099168    -0.30058281912    5.74669968357    0.9675    0.635302964488    3.14943505194    7.85934929538e-23    0.0    14.296651799    14.1074836799    20.0852022256  
28606349.0729    -8.90182260413    1.58092629023    0.174630093782    0.00195421575654    2.53575454202    1.96074868637    0.366534114393    2.01265017944    0.640459420711    2.25301157419    0.9865    0.241657556588    4.9216317554    9.81383415385e-23    0.0    18.2562946776    18.8591205434    26.2480232213  
42908714.0956    -9.14492708036    1.04838686781    0.0598082907064    0.00366514175012    1.83570994589    3.60320764628    0.966526327667    1.72996276479    -0.377415382811    0.840646442389    0.9763    -0.185955011315    2.64991168857    1.28755183707e-22    0.0    18.8564435627    17.9716615151    26.0489170878  
49786198.3956    -9.0167560496    0.869853564185    0.0839622064524    0.00430754936119    5.9750719583    6.04371338824    0.290692673649    0.54622331374    -0.158630735235    2.30508576888    0.9969    0.891462731012    5.82804170053    1.10331403527e-22    0.0    17.6043958258    18.9935410765    25.8972847035  
34089562.9364    -8.95532719226    1.61768303775    0.0791620555048    0.00204635186691    0.589883625339    4.80550623356    0.875994604821    2.33874580376    -0.0712432680428    2.33146960798    0.97    0.338870532882    6.17938927374    1.03407008125e-22    0.0    21.803174273    20.8789954355    30.1879257117  
57364692.745    -8.73889312216    1.51520907247    0.139492576874    0.00215843110231    1.14930024376    6.20848619815    0.538989238596    1.51078592212    -0.509672135821    1.61317216581    0.9742    -0.948915990402    4.53437814701    8.53693161966e-23    0.0    15.2159331162    15.1349105624    21.4613638506  
31278919.5476    -9.34357496086    -0.608257893571    0.13896275497    0.0180532805525    4.57308181034    1.5001138095    0.432439556112    1.56876800596    0.957034428    4.6170563856    0.998    -0.11157321244    1.71421869245    1.75362615622e-22    0.0    17.7019508785    17.9403044565    25.2034439888  
40827874.6272    -9.04061902146    1.69057880444    0.00614064359111    0.00199079978137    4.17091161127    3.83624639926    0.47309516731    5.26181608565    -0.0712432680428    0.567850318073    0.9845    0.158029038133    1.20185734773    1.13313387075e-22    0.0    20.1131477506    21.9913450332    29.8019792767  
28667997.441    -8.96661200092    0.566090284074    0.173194588661    0.00539933453134    0.927524642935    0.574624442933    0.243130246586    1.4526544474    0.283935761895    4.7543693934    0.9922    -0.823243944709    2.57796705279    1.04600974437e-22    0.0    15.7708944122    15.6441606514    22.2139792259  
16838608.9925    -9.29701146124    1.14705400356    0.125700255072    0.00315732723582    5.90581898307    5.68092379911    -0.752382598503    5.42331901944    -0.00370366473777    1.19025946116    0.9694    -0.656876421043    2.91991345256    1.61567774956e-22    0.0    15.5705501629    20.1184093881    25.4399769788  
18916835.9355    -9.42526975467    -0.891428883016    0.0841249707884    0.0250664701295    0.161034479175    5.3661711402    -0.333679088431    2.92168738195    -0.281160976327    5.30715621684    0.974    0.781270182328    3.67829209843    2.06280520873e-22    0.0    14.6639972713    14.4799666658    20.6083053795  
15083198.0799    -8.91856840322    1.52641809562    0.0737158024935    0.00225068655807    5.13513093719    4.39165060679    -0.239508128464    3.19597367879    -0.45529513647    6.04429692778    0.974    -0.114097091855    4.95024032157    9.97166465447e-23    0.0    16.1175517293    16.0054987248    22.7145650008  
55764567.2962    -9.32783012106    1.93664641237    0.0328458622924    0.00153363351909    5.76562915636    3.65308396968    -0.00180118355463    3.29707713131    -0.21628097929    0.739742807131    0.9768    0.363617164799    5.38363365709    1.70441020511e-22    0.0    36.8947173856    33.4356849921    49.7912161114  
9416201.67847    -9.14340574683    0.718335947956    0.176945235319    0.0046192204562    1.2841046055    3.4248280499    0.336399170174    4.45369061988    0.81763796549    5.19320465178    0.9912    -0.521900858856    0.719236074249    1.28490262178e-22    0.0    22.5196848213    22.423375    31.779615335  
41220859.7089    -9.32368406355    1.01768610611    0.150657864907    0.0035135094847    1.55984864755    4.63904495728    -0.12683414528    3.1254530553    -0.358073415368    2.51102577475    0.9708    0.112060976088    1.06239441057    1.6917976562e-22    0.0    28.5229827242    24.3435336906    37.4989089979  
56198004.3483    -9.33177095818    0.296488608175    0.0432157050139    0.00785769013697    1.30245036722    3.76244182994    -0.676078584018    2.40285806732    0.817407606999    5.44437481433    0.9766    -0.564637903487    1.08703190323    1.71657115548e-22    0.0    22.9291930714    23.0143551543    32.4870503135  
38207432.9851    -8.99146868163    1.06345990246    0.154163995484    0.00334521858339    2.92530733713    4.81879570664    0.259893168547    0.799097628238    -0.405845425681    1.52452057121    0.9684    0.393652260976    4.60706774237    1.07349849448e-22    0.0    15.0279137136    16.5442172347    22.3505998687  
5668498.36408    -9.32170004526    -0.179285933529    0.193574870927    0.01113891667    0.229487959675    2.3083094289    0.692969624047    3.5956958728    0.694047728915    3.21915793595    0.9675    0.665471676271    3.55721545953    1.68601621653e-22    0.0    16.4340568464    16.4142670466    23.2272767906  
7610369.10424    -9.17466121516    0.634351280995    0.118994679104    0.00530234223715    4.26807029231    4.42285902892    -0.14960034213    3.70332328138    0.398881077954    3.40933672022    0.9734    -0.859160777319    3.3670237815    1.34034198247e-22    0.0    14.2167902025    14.3523222523    20.2016404704  
24757557.0657    -9.28123708672    1.94916118734    0.160451626753    0.00137135728547    3.75491625127    5.57322568842    0.155689162393    6.27622203068    0.642070790539    5.30582875755    0.9951    0.646804271404    2.30625528619    1.57364415409e-22    0.0    25.2947084861    23.289357255    34.3833744526  
24570669.6674    -9.35001093407    0.230354862345    0.135519230574    0.00782877542253    4.90498826713    1.92579764171    -0.0412529848691    5.72503720602    -0.635691262182    4.21166333592    0.968    -0.888597341388    6.27434933609    1.77457998322e-22    0.0    14.6613579659    16.2365010422    21.8764572885  
50282055.0585    -8.89813909269    1.2534980653    0.0914347188057    0.00291862688111    5.60225378152    1.18618168955    0.456932966011    3.98723185426    -0.230122610795    4.89808522659    0.9965    -0.296084700843    2.44182407879    9.779305531e-23    0.0    15.3464469282    16.9420267933    22.8592586316  
32456846.7488    -8.86918451309    1.48853401072    0.0643138081681    0.00235295190212    0.505942451255    4.238521005    0.967017205859    1.50518807432    0.561830035415    2.96222607136    0.9978    0.335096969043    3.62703394717    9.52155181633e-23    0.0    14.9000303288    13.4879213767    20.0981324223  
17843247.6233    -9.269306217    0.127773806014    0.199595772273    0.00814061954854    1.79989984884    0.264785874854    0.554364549251    5.77907207604    -0.948321515926    2.32299623018    0.9829    0.591675267164    0.161623703856    1.54360448414e-22    0.0    18.0834221358    17.7995200121    25.3738658624  
52655272.3552    -8.8842855304    0.952588245385    0.0261140687994    0.0041190681648    1.90295054433    3.94188670493    -0.225853872347    3.59326601657    0.605820156643    3.40764839536    0.968    0.298423052632    0.769282558109    9.65450936748e-23    0.0    16.5662812153    16.955230592    23.7048838372  
52556530.4506    -8.55032020434    1.79887875463    0.149088442494    0.00161105939899    5.9358951421    5.94806359392    -0.128640066266    4.04783958589    -0.826129444866    2.14001952409    0.998    -0.270487821766    0.982669598388    7.4850067582e-23    0.0    14.2515352196    14.6131385426    20.4120080879  
30711339.4251    -9.24887887452    1.24192906767    0.16965102262    0.00275657912724    4.71916974882    3.28971160555    -0.109471833902    1.01985365405    0.353580707243    5.06971814556    0.9834    -0.379327853765    4.96933644791    1.49443838178e-22    0.0    22.3201492513    24.2058613105    32.9258680126  
18491188.9772    -9.48199003352    0.0815668917197    0.0263538130523    0.00984054015712    1.91216990481    2.49302856925    0.462987918295    2.91870650924    0.581357676736    5.30040372826    0.9774    0.51344587404    2.11932075272    2.34958238787e-22    0.0    23.5658694266    22.5216504855    32.59716157  
11925545.4815    -9.54260253753    2.20887074308    0.118490687687    0.00109861873704    5.9105470572    0.93810334725    0.642997115563    3.99288834928    0.53836549521    2.54408392127    0.9932    -0.699939249818    3.04502775508    2.75530822569e-22    0.0    42.9108852838    42.4054863632    60.3288434295  
57098124.8786    -8.88307754332    0.810805698182    0.1247683789    0.00442281830224    0.293734846409    5.53041789713    0.417408743716    1.22035124875    -0.501129648467    0.143778094709    0.9772    0.733516560506    0.843995090148    9.64356160124e-23    0.0    14.5314403412    14.2823181055    20.3751654928  
43934303.5683    -9.46736219844    1.06512253394    0.120934002736    0.00344091313651    1.17036416581    3.39559894799    0.836648117856    0.0726233951506    0.523791939824    5.94469409503    0.9949    -0.71589799744    3.3075938441    2.26825099423e-22    0.0    34.0269346911    33.8509536827    47.9970764703  
38031577.5947    -9.22230897129    0.288749013832    0.154849136438    0.00725428110495    5.93524052287    2.49831888723    -0.400042869875    6.02138334188    0.619649710506    4.72654779996    0.9818    0.94759862649    0.850741747926    1.43508823184e-22    0.0    17.7775312626    18.4913486032    25.6509374285  
28190255.5947    -9.01777121628    1.16794420109    0.0510348321508    0.00327094874666    3.60831631712    4.76944333389    -0.817885581613    0.854811938709    -0.212276214902    2.66107606355    0.9769    0.47989276179    1.25296284404    1.10447860784e-22    0.0    14.5997261221    14.1147253097    20.3070793914  
27646249.4233    -9.01752748227    0.700532902708    0.118496398611    0.00496486810174    0.564659441884    3.84222653755    0.721420707343    2.68653672975    -0.0691484486541    3.76992923231    0.979    -0.654412014152    2.45798874263    1.10420943323e-22    0.0    15.7961192573    16.4603159025    22.8135789214  
18652938.9643    -9.28818763865    0.715623556375    0.0465146247418    0.00515665269824    4.70067260648    4.55148040242    0.0944249709606    2.85894950173    -0.79293055667    5.16200053274    0.9767    -0.254855200337    2.02395314994    1.59183324306e-22    0.0    22.6192501527    22.2451396982    31.7250172208  
59975029.7626    -9.50586219818    -0.488708715505    0.122656569072    0.016250140787    1.44591226173    4.4891300294    0.783639963105    1.81184577833    0.965249472716    3.52088347679    0.9791    -0.450223411304    4.17845511649    2.49432681e-22    0.0    30.6102735453    30.957477541    43.535666553  
27255957.0305    -9.3764098044    1.7657994606    0.0658439475648    0.00178132306481    2.22857449739    3.84478339609    0.35191247153    3.34642131977    -0.991049761742    2.06320581757    0.9874    0.0808416221289    5.46860017862    1.8661135876e-22    0.0    25.8097494303    24.574606895    35.6378235825  
20021385.6453    -9.07473846117    1.55123122598    0.191734828726    0.00197762533903    3.63843029612    2.54777459212    -0.400776248892    3.80154028062    0.634990580527    3.36632643946    0.9962    -0.338984957078    3.09223505869    1.17898683763e-22    0.0    21.0315059548    21.9097214181    30.3703825354  
11890507.6977    -9.4227083091    0.427290201707    0.00588227117234    0.00704246780009    5.93040856685    6.09379080143    0.430541435097    4.58794485937    -0.366089838449    1.47875938923    0.998    0.895819208328    0.392410814094    2.05173157875e-22    0.0    32.286170178    32.5977699499    45.8804031202  
26459986.9764    -9.23849022887    1.13695820016    0.169952772212    0.00306075085309    5.22206891695    0.532134251747    0.0101277189319    4.46824154552    -0.21628097929    2.54255662218    0.9877    -0.627156749282    0.888787382413    1.47057312233e-22    0.0    23.3514882525    22.7656611106    32.6123800022  
43684618.3233    -9.15853715644    1.25996961383    0.166623848887    0.00271544147855    0.465293062801    0.816567061143    0.242220822135    4.10886321564    -0.795422064363    0.0375195364746    0.9798    0.523545023096    3.30404547833    1.31116187547e-22    0.0    24.374231008    25.2531672512    35.0973730278  
39727270.5584    -8.96684363432    1.24903564776    0.046979412218    0.00302400291603    0.903629547966    2.64013399276    -0.855503329484    2.96770493558    0.0953512457349    1.76392917995    0.9855    0.508192117012    3.04783403681    1.04626184252e-22    0.0    14.5564327781    14.3205044106    20.4197595921  
34667141.4127    -9.06119674331    0.385619117718    0.115979527811    0.00681692969629    4.00742837516    5.82305562736    -0.27790850693    4.24710976967    -0.192200216062    0.0386970048943    0.998    -0.480148332557    2.41873379019    1.16027983331e-22    0.0    13.8835437555    14.8693811786    20.343335121  
62531335.0094    -8.8259408288    1.14885779405    0.0232650665135    0.00339051368722    4.86424143616    1.98667494185    -0.743747486967    5.95139612378    0.926083197872    3.94869691389    0.9862    0.834212156669    1.62314113949    9.16535413641e-23    0.0    18.1223285803    18.0002830839    25.5426894487  
25166172.6907    -9.04403327301    0.696822704387    0.13638194971    0.00490653069988    5.05571257215    4.16279985511    0.398838333813    1.17404856004    0.190720755231    0.820332957096    0.9724    0.791485750747    2.81569099313    1.13751182573e-22    0.0    19.7911946615    19.5778996106    27.8385620909  
52221838.5511    -9.00241079816    2.03480058659    0.0678679443226    0.00135928326255    5.54780226025    1.0208693061    -0.88951950123    3.26191312336    0.596229547807    4.67486460525    0.9863    -0.310430785266    1.39828074783    1.08619205456e-22    0.0    17.0928710877    17.861042811    24.7221174724  
