tPlunge     logmu     logM     ePlunge     nuPlunge     gamPlunge     phiPlunge     costhetaSky     phiSky     cosLambda     alpPlunge     SMBHspin     costhetaSpin     phiSpin     Zeta     SMBHQuad      SNRI     SNRII     SNR_tot   
34300460.9501    -9.05283061516    1.00255848594    0.166379239727    0.00351348076153    5.46721360567    1.36457895609    -0.368476050724    2.76269956394    0.633057298498    1.86080564307    0.9717    0.17978707283    2.37899149361    1.14909160966e-22    0.0    16.8314018531    17.0502484536    23.9584444543  
57895056.7778    -9.13099915099    1.12010968302    0.169074428518    0.00311548348539    2.31838262855    3.92135908218    0.99476914648    2.99657739077    -0.4514624746    5.49566081148    0.978    -0.561206943068    1.56407164393    1.26424250087e-22    0.0    17.66082568    17.8355582566    25.1000378889  
56396536.3106    -9.00903400351    0.641560638247    0.0205664800695    0.00563950115635    1.67407511822    2.89758283053    0.661319402366    1.39422391402    0.100824716243    4.56795897788    0.967    -0.187187860718    1.02233196946    1.09397298195e-22    0.0    17.3635872205    17.6219593511    24.7391918327  
35900740.5725    -8.88781123785    1.35063337815    0.185324658561    0.00243335120619    2.28451388923    5.98890228547    0.284100809377    2.6027751146    -0.0209021508811    1.97956281112    0.9931    0.315474847691    4.14114055915    9.68583150198e-23    0.0    18.591554768    18.7670514253    26.4168152488  
47391925.539    -8.81603001104    1.20919522535    0.18414068778    0.00280651792358    5.43855571013    0.459158992184    0.846653177092    5.42818267039    0.980145967166    0.258062340129    0.9758    -0.697628004798    1.62601833523    9.088062328e-23    0.0    21.3816457721    21.4409764945    30.2801956559  
35495090.6721    -9.22340622826    0.456200985671    0.0507353340183    0.00666597603603    2.6007450451    0.00188782994828    -0.0363117871216    6.27160923343    -0.732307050079    2.01679300733    0.9745    0.582661542384    0.804856627126    1.43742521128e-22    0.0    21.0673838486    19.6920613343    28.8376826707  
14501631.963    -8.81354273631    2.06271795045    0.0274433725749    0.00135626096048    3.6228530547    5.13711761761    0.290405555359    5.76376026549    -0.230998362956    1.12756332578    0.9913    0.228240456586    1.56606910783    9.06877634953e-23    0.0    16.4815751556    15.9422212576    22.9302581372  
30200039.5173    -9.02343441461    0.909457159545    0.044512084599    0.00425338172048    3.84431029798    0.872715331458    -0.135490804827    2.77239672776    0.406387005224    1.21595209191    0.9721    -0.0703857931369    4.36736243928    1.11148804564e-22    0.0    18.389768928    18.0191941945    25.7463582016  
35028653.4605    -9.2311712148    0.8859271668    0.029488691934    0.00439441557765    2.08357268105    0.662393568332    -0.532999122104    1.18851503111    -0.134990300347    5.0100153541    0.9681    0.363196860774    3.82027555891    1.45440830069e-22    0.0    16.652622595    16.11345986    23.1722555647  
49780158.4955    -9.42094351327    -0.31053533433    0.0230088504683    0.0145926720704    0.362082819635    5.15248273526    0.548587087833    2.9161125171    0.810260419053    1.86068022397    0.998    0.275152636915    1.74388294294    2.04377393935e-22    0.0    20.320995341    19.63534546    28.2575590414  
22914752.5742    -9.31977490509    1.88644622549    0.188111299908    0.00141981635668    2.609853106    1.69700099968    -0.821162463965    4.29948204057    0.989664248862    2.02401714747    0.998    -0.733407425455    5.48070731084    1.68039899562e-22    0.0    32.2196856249    31.4310214373    45.0113013626  
5045400.40474    -8.90923058339    1.86525584225    0.0854684135151    0.00159018265317    2.55018615625    5.29172334821    0.872227613432    3.79560684792    0.0273928998315    5.52612041555    0.996    0.720662393375    0.661898886772    9.88270085482e-23    0.0    14.8375045714    15.7641181309    21.6485325681  
62097703.6405    -8.8740990454    1.31069533793    0.158853532462    0.00260077877962    1.50605059638    2.43588140338    0.302241940141    4.60140867059    0.491138551172    0.282603486726    0.9831    -0.235052371392    3.53338163493    9.56463858925e-23    0.0    15.2637210797    12.9355296291    20.0077262072  
1620354.47197    -9.45269417292    0.198591244364    0.108061360145    0.00827259691989    5.92737586151    2.48204944641    -0.388673363457    6.19350200104    0.671251808955    6.2431133318    0.9954    0.198245538442    2.06688068325    2.19255300245e-22    0.0    15.1959536913    16.0400912979    22.0952831489  
53112578.3535    -9.32838422979    0.995256034644    0.138060926142    0.00363506348075    1.13748887421    0.430540028881    0.531056188323    4.47731835311    -0.114154280099    3.83051423488    0.9966    -0.781095731065    5.3833380793    1.70626020587e-22    0.0    32.6726788424    32.8711904637    46.3467270176  
34689842.4481    -9.07194678285    0.351152451723    0.155033237405    0.00681423049088    2.85440083304    2.64377814336    0.258670143302    2.66404175714    -0.0255009085381    6.27742233546    0.9754    0.0924388640745    4.659927952    1.17506114376e-22    0.0    15.7427897986    15.4965681824    22.0902479858  
50432023.0425    -9.27276045187    0.440464504414    0.0797379703458    0.00663831717995    3.56320346998    3.51375851165    -0.701315199911    0.135509787374    0.594059779372    4.38225382111    0.9898    -0.775824429711    2.74640994218    1.55209273801e-22    0.0    19.8246728176    18.3633858877    27.0227976639  
38830265.2224    -9.6047131905    0.252653592609    0.0588165189302    0.00812758356232    1.61662597798    1.18638625335    -0.41811815625    3.72939958876    -0.858739001666    2.87968483769    0.9763    -0.93894856117    5.23585061292    3.33825379765e-22    0.0    36.6370655884    39.2567627925    53.6970017773  
30927445.3187    -9.16008170286    0.899221792904    0.0393048009634    0.00431101488216    4.5785254351    2.43605582768    0.86354722003    2.65312640432    -0.862557913005    0.578455593482    0.9857    -0.81550925742    2.6731026189    1.31381853213e-22    0.0    18.1015716289    18.0567540689    25.5678169373  
54373201.2184    -8.99214164248    0.747793300881    0.103696293735    0.00479348057958    5.08662361877    1.89666530259    0.2810195603    4.63273151151    0.754371605367    2.09037724968    0.9865    0.605920349921    5.1555132693    1.07430220411e-22    0.0    18.1070987034    16.5867889837    24.5558260346  
9097868.73747    -9.24713992155    1.92200958904    0.0895323075493    0.00149787249678    3.75126476124    1.83818283282    0.600891065098    1.32618579976    0.937472576438    0.989288661403    0.998    0.161764754657    1.47934809294    1.49024972824e-22    0.0    18.0061506773    16.1278265386    24.1728825561  
43617943.0589    -9.50751832124    1.0763140587    0.0182348748357    0.00365587791918    5.85018306574    0.415020220586    0.990977778241    2.13467140822    0.703418977022    3.63873448651    0.9778    -0.831059255529    4.87459342147    2.50497769111e-22    0.0    45.6323478359    46.149838735    64.9008380861  
14088170.3603    -8.94942859272    0.859583903433    0.065084713166    0.00441096373949    2.5343677392    2.2958995747    0.503647976958    3.92055587917    -0.859557763312    2.80705220596    0.9752    0.107572514819    3.46494326012    1.02794528203e-22    0.0    15.4755639772    15.1915114802    21.6858272027  
46143686.54    -8.89969029157    1.60700548776    0.169122534561    0.00191446968145    2.32783872643    3.65482240275    -0.0481014444049    5.81166149329    0.696491471171    4.20602188618    0.9773    0.219858644624    5.37034842977    9.79416076118e-23    0.0    18.0511599902    18.2688730872    25.6826030781  
27408334.0009    -9.09327398912    0.529919890032    0.146750799051    0.00574325024556    3.18060896202    0.259915055821    -0.455713687074    1.6249639523    0.55660722847    1.83480372806    0.9829    0.590394905385    1.63710630437    1.20571750084e-22    0.0    15.0472006164    13.4319173399    20.1701425333  
28322575.073    -9.00053218778    0.360857766294    0.0356126378026    0.00740219209572    5.52352097256    4.49681919131    -0.501461838814    4.60166315486    0.492096443455    5.10421765163    0.9881    -0.312674434173    2.316389823    1.08399185528e-22    0.0    15.9065620896    15.2181351678    22.0138673452  
36914630.4494    -8.8800639444    1.64620380822    0.15314808779    0.001869649466    3.69177422886    6.15276875876    -0.0832899271571    5.06214738133    0.860370580277    3.63871255409    0.9935    -0.628815102388    2.00738400778    9.61658605035e-23    0.0    15.1753875294    14.7067953227    21.1324919338  
25516668.4525    -9.22435482914    0.878928041897    0.14362955199    0.00406288993568    0.208127534643    3.08490213582    -0.146028353211    1.3809128773    0.443317468973    3.11171596444    0.9854    0.367574257905    5.11961857804    1.43944986506e-22    0.0    21.5366951378    20.5758176164    29.7857937286  
44569878.9857    -9.3550075377    1.83026006854    0.0933903426689    0.0016369844869    5.76849608025    4.88730277657    -0.215499648151    1.48214745311    0.0953512457349    4.52967103839    0.9671    -0.110311182801    3.19549375702    1.79120455027e-22    0.0    45.776557043    43.8301467703    63.3764541499  
31492393.8779    -9.15690160384    0.615960306354    0.0408223427112    0.0057173383592    3.51273530939    0.818572428189    0.826578073518    3.05826350339    0.793535001669    3.65635076543    0.9804    -0.274601495259    2.97302120927    1.30826207754e-22    0.0    16.6186366993    17.0114732491    23.7817011135  
47963981.3562    -8.95090948381    0.756328751239    0.0123150198068    0.00505075554312    4.21328630159    5.81540243772    -0.86941605921    4.40350219252    0.99919208881    3.72041341069    0.9807    -0.516308330307    4.50585886665    1.02945314624e-22    0.0    15.428136391    15.6065918507    21.9452295885  
20957297.8408    -9.01537707469    1.22513986789    0.0677289607959    0.00305480152069    5.44307054717    5.00845669307    0.223613436502    5.23499906013    0.997052329266    2.04731616526    0.9788    -0.783247881808    1.90030171928    1.101589494e-22    0.0    19.6306820867    19.7070059864    27.8159983487  
51497613.0067    -8.7692911686    1.31626179722    0.190703253075    0.0025041900318    5.42395552557    3.11192289382    -0.502831995281    3.89838024612    0.0183952891835    5.22421628214    0.994    0.679642024383    3.96288090568    8.74400670647e-23    0.0    16.1443167155    17.1690628449    23.5672586692  
41621584.9857    -9.29593775093    -0.533680438051    0.0274097699485    0.0181950471827    4.01581548373    3.925114301    -0.614730138818    5.28137096278    -0.295619247869    2.18847217502    0.9952    -0.575947547916    1.10759543776    1.61267553488e-22    0.0    15.3286289796    15.0985760406    21.5158979559  
54629547.86    -9.11658961468    0.783374992644    0.197105967701    0.00423750665693    1.63182491939    0.861423873213    0.358845688424    6.24805054473    0.262870685514    1.08011561279    0.9805    0.704230154812    5.05525508568    1.24120558008e-22    0.0    20.0569512152    20.0378915691    28.3513384267  
60881874.1083    -9.42478135417    0.324363929565    0.0418247540557    0.00764828067542    0.278891760658    4.57025197604    0.530840701902    1.43012253124    -0.408585420463    4.11757731182    0.9725    0.799565148959    4.01743545193    2.06093770749e-22    0.0    36.3516187154    35.7597580525    50.9921609584  
12356992.2706    -9.08463632254    0.751776936225    0.170342149549    0.00449718932423    1.43118451483    1.17263043702    -0.173712148438    5.03075293442    0.704200404293    0.789686071556    0.9757    0.769650400769    1.22070927971    1.19306321702e-22    0.0    14.5298847891    14.1707096989    20.2959741169  
51592761.6768    -9.1188344861    1.38671000069    0.127469102651    0.00248069454197    5.57509952011    1.55124762206    -0.50955268364    4.82912355003    -0.386287878214    3.4438154254    0.9832    -0.553467291365    4.41580127007    1.24464784159e-22    0.0    15.433670286    15.0167484999    21.5337157501  
56502129.4239    -9.43200956328    0.306313570515    0.163731382725    0.00706713291262    0.676986537838    4.39718501914    -0.979907755736    0.302540747571    0.145775030964    1.08909363782    0.9776    0.938729667392    5.47502148627    2.09341834001e-22    0.0    15.832269564    15.7644446449    22.3423023548  
39463014.8728    -8.87765958712    1.22447199138    0.00446896761698    0.00317562428558    2.4744979671    0.860769129053    0.909591474521    3.21565423176    -0.362830574505    4.94691475383    0.9681    -0.0371895388039    0.304392744507    9.59536568072e-23    0.0    15.7919119063    15.5797315567    22.1836091977  
5367134.98307    -8.86085011442    0.850763032299    0.115413573824    0.00428335609102    0.920197592192    0.982681133325    -0.203571643499    0.0219210524222    0.948160407262    4.97191244283    0.9857    0.664577095578    3.07060537793    9.45064739119e-23    0.0    14.1964350159    14.4099942659    20.228363797  
55608342.9978    -9.05654025604    1.28068526045    0.165565146393    0.0026625464645    6.24473702426    1.37297724857    -0.428403737277    2.45280752007    0.8537244467    5.61620282777    0.9669    -0.664260240893    6.17264579324    1.15400126676e-22    0.0    15.0488171794    16.3213671206    22.2003135831  
49348080.3127    -9.23132210126    1.7637519763    0.114543913618    0.00172025178685    0.0936936396427    0.922734446934    -0.304854562342    0.66648696959    0.257173639949    2.65991760848    0.9931    -0.260866902994    4.41995678606    1.45467802845e-22    0.0    23.856329842    25.6233811858    35.009743457  
30670770.7138    -9.33338507369    0.947196849511    0.0478679460532    0.0040871837777    5.05663472467    6.19321913324    -0.885586681732    5.83206919558    0.991768039056    4.86345834269    0.9808    0.0740127645521    0.755703670694    1.72159890283e-22    0.0    10.534149397    21.9297472627    24.3286275512  
60064298.3715    -9.22340622826    0.491200279085    0.0373872165791    0.00649064866105    6.13178195962    2.39640746661    -0.598762997664    3.66546336687    0.883506664816    5.383626526    0.991    -0.0673588163855    1.32314041532    1.43755450133e-22    0.0    20.8448640382    19.838517285    28.7762944946  
61578419.9288    -9.24933969223    0.258264415256    0.0531334708026    0.00811244776234    6.0270435431    1.0747655688    0.290636889308    1.49572477748    0.948794094791    3.84738032574    0.9713    -0.427248912816    1.0544899951    1.49549510718e-22    0.0    24.2773902229    23.8346242475    34.0217722797  
36865744.4984    -8.86293591091    0.896571005746    0.0505101882372    0.00429216535362    2.42549422764    3.41912050973    -0.152758885951    1.15156368431    0.693543608622    3.68165245677    0.9782    -0.278157794435    4.69260669233    9.46848923626e-23    0.0    15.3505842596    15.0059119569    21.466667901  
30922738.6304    -9.15071078648    1.06355668604    0.104937240423    0.00349209256897    4.41936866726    0.989073680267    -0.752286360204    1.03031229887    -0.0317983120468    0.93148500775    0.9916    0.785113650559    1.22110395261    1.2974888522e-22    0.0    18.8450588622    18.5182176635    26.4208370222  
48118030.9784    -9.01992678397    0.902833415782    0.0545582374534    0.00425417135613    1.27724488783    5.70980918959    0.552514011993    5.57466033096    0.418412104869    1.88760229509    0.998    0.9415065179    6.15615470349    1.10708323354e-22    0.0    18.7576175744    18.7891378903    26.5495747561  
46804464.5204    -9.28271864686    0.146367308946    0.184853041317    0.00811755290166    2.59414249784    1.96540508379    0.919392877624    0.845856098885    0.580706572281    0.379713373352    0.9879    -0.616144790748    4.83372064637    1.57762338934e-22    0.0    14.1994420993    14.4503182656    20.2592165176  
11658023.073    -9.38857939058    0.54408192507    0.192017820059    0.00541267804391    2.74998751288    2.935961993    0.705751894359    6.14440185545    -0.321491014241    4.93055138518    0.9752    -0.882999637973    0.293623916814    1.91182551095e-22    0.0    18.9045043307    18.4371284268    26.406589871  
10028493.7248    -8.55465727775    1.15004811369    0.0429680629883    0.00334707665081    6.18648419913    3.13602963197    -0.623262807976    1.14774243844    0.951383313668    2.69651521783    0.9678    0.943853412901    4.91932655231    7.50551120345e-23    0.0    14.5040429259    14.6334109557    20.6034943005  
47246934.3855    -9.51858510086    0.27960524536    0.133674706662    0.0074647872035    0.636731522657    3.71101490516    -0.680724910165    4.75670818152    -0.381486310219    2.98421096    0.9877    -0.4539581838    0.756350090947    2.57908982446e-22    0.0    28.0482396732    25.861934953    38.1515848725  
43383878.4463    -9.40831609116    0.773715190063    0.160255365228    0.00444347631137    1.10473750939    3.02883260348    -0.345669012679    1.55596567277    -0.485035422258    1.93262997995    0.974    0.224962545898    5.04468288094    1.99025884729e-22    0.0    32.1705639051    31.4295507811    44.9751247277  
20834196.1496    -9.16369494909    0.619758852534    0.183946511087    0.00506109751921    6.01538138018    4.40316045048    -0.158322595886    1.52584039509    -0.963022250649    0.779712036165    0.9928    -0.37536669006    1.1736540606    1.32026881089e-22    0.0    19.0929297828    16.7436433679    25.3946758381  
59084306.8504    -9.04161710854    1.12061194088    0.0844295130183    0.00335101946919    3.65252122152    2.54764738193    0.229986285212    6.2579795243    -0.850430823405    2.51652238074    0.998    0.067702379985    0.413509217663    1.13440400471e-22    0.0    22.6325100342    20.2459050732    30.3665470984  
47786632.9323    -8.83852852559    1.27949089005    0.135478154643    0.00274205251876    0.074329236601    2.00154613277    0.206500650331    2.89062863453    -0.216183345093    1.81311522311    0.9889    -0.704449414321    2.61375715004    9.26542447052e-23    0.0    15.1495558704    14.4167465916    20.9129535302  
49454095.8099    -8.79509905256    1.46775296542    0.174185058509    0.00218936761103    2.50618286283    4.37436740289    0.179494263847    6.19721567962    -0.14884847525    1.4336125981    0.9851    -0.393198749574    5.31217257707    8.93024020659e-23    0.0    16.8201435355    16.2915266265    23.4164700238  
43526662.3284    -8.91262604842    0.885794556308    0.0410513878173    0.00436460620217    4.86098123982    6.11622502612    0.792376629863    4.82464649602    -0.410318850085    6.26352749061    0.9834    0.287285153964    0.394357144205    9.91517769236e-23    0.0    17.3664931806    17.1479867539    24.4059118883  
17764411.647    -9.22141211024    0.444379593128    0.0104793422357    0.00690650789752    0.5453757313    4.26125072844    -0.584083703806    1.3059028226    0.243328794147    4.38577133579    0.9917    0.959153653246    5.31581760459    1.4331622754e-22    0.0    15.8848657813    17.3426245211    23.5179843135  
14558892.8971    -9.4156677362    -0.455618363831    0.151335106688    0.0153219053352    2.51677976185    4.42913499826    0.0898937267843    6.14659431983    0.689498432952    2.18049704518    0.998    0.828060192536    0.345717283084    2.02104946698e-22    0.0    15.3470296779    13.6908547278    20.5662544746  
43989585.1125    -9.22285744928    0.796381065868    0.123980997869    0.00449011437912    4.97484856821    3.62033982702    0.28227274991    1.05443615183    0.211096229843    3.35786976702    0.9702    0.652008523962    3.70653452482    1.43629813021e-22    0.0    20.7419675348    22.426634763    30.5480468117  
54927782.6824    -9.29438291589    1.65072506515    0.0136636203721    0.00206352890169    4.20268370549    3.27716555037    -0.675610388122    5.63952299608    -0.355083768143    3.16033131066    0.9892    -0.227554893983    0.0458813223523    1.60840845874e-22    0.0    24.4259841817    24.3639000723    34.4996859403  
27879659.2868    -9.00658031068    0.789307450446    0.150485949565    0.00441565135182    4.50902688691    0.170693147115    -0.278641825282    5.36271122926    -0.415146357811    0.00520877702657    0.9826    -0.543997366631    1.2842392231    1.09107533869e-22    0.0    16.1246128017    16.9833361545    23.4187285082  
38694037.8113    -9.35091755245    1.34228761941    0.17151265008    0.0024887235425    1.57934823475    6.18875729574    -0.0676379725753    1.68743263487    -0.328489301363    2.70759316351    0.9822    0.210055115284    3.77863749636    1.77767627317e-22    0.0    34.1001436296    31.8621443988    46.6692194197  
54608821.1272    -9.32650151148    0.711387942918    0.144184091071    0.00480148660601    0.926597425899    1.82586697702    0.772249531235    0.367547505095    0.448508898332    0.980290720896    0.9811    -0.479413299952    1.44031315574    1.70046937852e-22    0.0    31.7587076373    32.5583753633    45.4825605819  
60223689.6966    -9.03032222832    0.757276226468    0.087038502582    0.00480980274971    0.0141251794805    6.11523212875    0.332586671968    6.06645747524    -0.409771610985    5.04765433472    0.998    0.853256003278    4.0477792164    1.11999290319e-22    0.0    17.0937861045    16.385213116    23.6785289291  
42423200.1156    -8.95448784995    1.72582284539    0.108912479138    0.00179503741072    5.91031125462    2.2729413743    0.767632743487    5.25516207314    -0.985805104525    5.74696356182    0.9803    0.586397293044    6.08302264533    1.0331744882e-22    0.0    22.9401067504    23.0478057355    32.5184539445  
52480149.0096    -8.6718141033    1.11325150789    0.111623948728    0.00330481839031    0.530716415069    3.51816699557    0.0884220931723    3.00545510224    0.980736387485    5.91162359016    0.9672    0.148378312944    0.227079917622    8.12061513342e-23    0.0    16.4145410216    15.5101752498    22.5832392103  
49407281.1358    -9.39418726809    0.815475034247    0.151525862456    0.00429740194066    0.31180243034    0.00656461624735    -0.458507424135    4.23673546315    0.988485360924    2.17057996805    0.9755    0.754165697602    3.80880020265    1.93327824636e-22    0.0    19.5360424445    18.9105166819    27.1894206553  
29126294.5221    -9.73526370646    1.99203243067    0.16869894965    0.00130321614112    5.23315371724    3.97226568572    -0.0999075495901    1.48732296803    0.853984702494    2.57334410956    0.9737    -0.500128152343    6.2231746927    5.8818695984e-22    0.0    83.3744446639    77.6272378405    113.917891825  
34201559.0476    -9.49663825612    0.462042271082    0.0666508262348    0.00655716130858    5.01420521785    2.75190180537    -0.627222751613    0.0588082456274    -0.692539648344    4.35753183717    0.9835    -0.9477665904    3.94133834197    2.43624656293e-22    0.0    37.0249423929    37.6431298268    52.8001096813  
50655739.328    -9.26873166944    0.513110322612    0.0917694065699    0.00611806496308    1.24477882823    5.52111288526    -0.256896363264    3.54505007074    -0.884864784007    5.65529408011    0.9833    0.953884814665    3.02739270956    1.54199685107e-22    0.0    16.945192257    16.9314079017    23.9543756788  
47578768.2885    -8.94209452083    0.11443316693    0.0844442835347    0.00916537173881    3.60435822915    1.76130973585    0.853528892115    0.0600398706138    0.992445032135    2.63883899808    0.9885    0.952038377832    1.31206050663    1.02040853343e-22    0.0    15.8379825512    15.9359444311    22.467666016  
12567175.9945    -9.3937729811    0.339254206986    0.175375707872    0.00675920290043    1.48715417099    2.53318693372    -0.173660069096    1.78009762681    0.0689415970671    3.02726266782    0.997    0.0145505139813    5.33411545372    1.93158489055e-22    0.0    16.4036809344    16.5327195804    23.2897308898  
27960594.0979    -9.07396460042    1.49835485406    0.1710782318    0.00213003450178    5.91232172762    1.27314826471    -0.840823337436    3.06887822273    0.961055438311    2.32878286619    0.9706    -0.980259167509    4.31792394997    1.17790256733e-22    0.0    22.6834835673    24.2450626697    33.2018597462  
42997364.1911    -9.32545094601    1.88537535476    0.106343384181    0.00153349992448    5.76913335582    5.57047147235    -0.472542191626    1.09116228881    0.930324369342    0.612310771901    0.9797    -0.417967099622    2.5312384508    1.69731853534e-22    0.0    27.1824171347    25.0540057454    36.9673775804  
26325407.3057    -9.26310811909    0.538996621788    0.127190954723    0.00579209101808    0.377070822846    3.53292314824    -0.00128983906879    3.9322390136    0.157241052036    0.286727272495    0.9855    -0.553475562839    0.104219645023    1.52819400015e-22    0.0    19.0655494082    20.4163274834    27.9342370962  
52729680.0861    -8.88219024756    0.825278245989    0.00801675792573    0.00472497053169    1.55121359105    4.71037681608    -0.378012041713    4.24215266564    0.328765700859    5.61114715817    0.9928    -0.328091414638    1.74923845806    9.63564359691e-23    0.0    14.8375338531    14.5441113715    20.776996569  
41769135.4768    -8.62910358616    1.4474692978    0.116997594559    0.00235539471093    0.918878091244    0.145250717916    0.596103445473    5.0517607827    0.0989342174028    0.881244272155    0.9743    -0.780370196855    4.23470542722    7.88133529025e-23    0.0    15.3592101677    15.2380769123    21.63571873  
11904850.1861    -9.12623323861    1.0654689    0.135971618787    0.0033949464066    2.78210682385    5.42234447753    0.59511780886    3.99925703155    -0.493929880215    6.15080169025    0.9922    -0.186443214354    4.94006421703    1.25655288123e-22    0.0    20.2961679162    19.4216139156    28.091520414  
54199817.9163    -8.71375900201    1.38906335201    0.0906548265734    0.00255012207128    5.12681453459    4.51365868665    0.382733674032    1.02943903307    -0.571968513922    1.66918963693    0.9766    0.678482025282    4.52065297013    8.37477898901e-23    0.0    14.7599563825    14.7782908461    20.8866989432  
15910906.0509    -9.55406675149    0.0228451672958    0.0342529944714    0.0103875029474    1.92904853187    2.69299794879    -0.290021098619    0.887317346718    -0.193181475532    1.57429938374    0.9724    -0.468909859225    5.05527510189    2.84727990751e-22    0.0    31.7561714891    34.7953355072    47.1080651344  
32883529.962    -9.215057524    1.33745969868    0.157573879186    0.00253521213054    4.94859460543    0.372488773438    -0.193923312562    5.9882039029    0.859809423992    4.73408508786    0.973    0.213142318077    6.19738452978    1.4197668147e-22    0.0    35.961545595    34.8461139942    50.074788288  
52929079.4476    -9.41881772669    1.09846994407    0.0373842442785    0.00353634819087    1.02297083291    6.01671865329    0.617935874952    5.50094813211    -0.925177753362    4.75518460401    0.9884    -0.33718355728    1.56169087479    2.03486039986e-22    0.0    45.2337581696    44.3509852883    63.3490550379  
55147702.0938    -9.44956094564    0.413792558707    0.0405502979574    0.0069994990751    2.75007111589    3.44000467889    0.909830152761    1.2048541641    0.455110517762    3.72472460649    0.9899    -0.159842333336    6.07995324313    2.17677381257e-22    0.0    34.9216750202    36.0389126215    50.1829314524  
15388114.2585    -9.29695774833    0.381037656028    0.0263389267    0.00729397303178    0.198932703535    3.89856714582    -0.664585808891    2.63753185245    -0.420415922386    0.0411602619789    0.9863    -0.0253959164235    5.04839197493    1.61541298214e-22    0.0    22.3652555114    22.0813936726    31.4291679911  
7215465.32992    -9.17551709463    2.36918404463    0.0747217733419    0.000968267670206    4.76785128286    2.65877761606    0.353093566312    3.14829593856    0.353206517358    3.82100918374    0.9722    -0.625744991766    1.72588681547    1.3418926995e-22    0.0    14.6476512444    15.1074187331    21.042523322  
24091740.6336    -8.75535070023    1.83216581587    0.168416678938    0.0015295633721    3.06212870884    2.93707344105    -0.792749571772    4.81942730894    0.148247867253    0.783809226594    0.9828    -0.604371311801    1.66767980906    8.64744653943e-23    0.0    15.1107886327    14.3271903793    20.823167801  
36756548.4165    -8.89641035927    1.13134772071    0.125336418693    0.00320831523692    3.10790355382    0.763812340408    0.109999760286    1.22440759373    -0.312575963237    4.04441945094    0.9884    -0.0868836291044    6.25541460278    9.76371692196e-23    0.0    15.7261739838    15.2664243336    21.9174875408  
44695394.8938    -9.36639959496    0.180118200596    0.0247053432947    0.00892541576861    5.00414929104    2.0983192622    0.0811139702907    4.53764340868    0.898831569995    2.77876516839    0.9684    -0.51031289906    0.364690528307    1.83058887377e-22    0.0    24.5983097406    23.9470694261    34.3298554642  
24272801.4519    -9.62039892026    -0.568246144168    0.0626422950376    0.0184227969706    3.49217561989    0.849653620484    0.638290743905    1.92847788382    0.229628851133    0.454112210253    0.9797    -0.421301828779    5.60608384942    3.5247052089e-22    0.0    22.026622611    22.2585960564    31.3148080315  
46668717.7834    -9.3145134658    2.32988960799    0.129180697847    0.000964513282572    2.96339489276    3.01501970407    0.994963382849    5.21501047547    0.551278900512    2.78689949662    0.9792    -0.292663130478    6.15857778895    1.6648802364e-22    0.0    17.2738846813    18.689436606    25.4495998522  
47142781.4759    -8.94749534597    0.521655590456    0.172062322418    0.00565109950635    5.45903394041    3.54050452177    0.397752994478    5.67559136541    -0.392551071179    1.16330782691    0.9915    -0.65811554676    4.42569686518    1.02591247041e-22    0.0    14.1585013963    14.2862913282    20.1137088003  
43411255.1521    -8.97908036077    0.817037658862    0.0210331981507    0.00473062678164    5.71434053969    6.26035988169    0.950218919769    5.17704274604    -0.631978624922    0.904511238441    0.9712    0.573477220763    2.66220063909    1.0596384442e-22    0.0    14.8405261347    13.787759511    20.2569377816  
19335090.8894    -9.17086614419    0.844457976296    0.197101225258    0.00398643442138    4.06623300672    1.78288768175    -0.597078347911    3.90355218235    -0.11792860635    5.92467872818    0.998    -0.590210951113    2.76562740605    1.33324516066e-22    0.0    17.8770704439    17.913147163    25.3075184272  
28098100.1981    -9.34673131564    0.808589978499    0.174989891297    0.00422897923138    2.37923492062    4.91620755623    0.157304642663    5.80256702797    0.260168131583    5.10046710717    0.979    0.468940988013    3.83340107767    1.76388647635e-22    0.0    28.0200043147    28.9948154323    40.3214578575  
17493401.5055    -9.24194113308    1.37159459457    0.170999546543    0.00241808825117    2.75731445272    5.23839872785    -0.0255405803075    3.0325859752    -0.0813137986278    4.20195655026    0.9887    -0.751593854481    5.81840709683    1.47844254196e-22    0.0    25.3143508612    24.1361950722    34.9767390145  
16280726.6532    -8.82409806614    2.01486074211    0.00403210712364    0.00144100268404    5.67518869879    5.83481856723    0.857103584517    4.64192093446    0.906025408319    0.452537318511    0.9869    0.815625431417    6.04000007744    9.15075582049e-23    0.0    14.9692917503    15.1307578507    21.2842554167  
35156865.9826    -8.85210254373    0.906943855905    0.0515637823675    0.00424498708261    5.44496635151    3.63838112586    -0.0336795917911    0.55340925147    -0.34984315468    2.2049833595    0.9809    -0.999787902168    6.17751227031    9.37676945751e-23    0.0    14.9874818261    15.7846124182    21.7664558594  
54433874.7475    -9.21584964246    0.691943754183    0.185792745284    0.00469955937062    1.30584249402    0.0947058195904    -0.457913615779    2.44752750166    -0.262491820875    0.00208727932391    0.9767    0.253934789146    6.16977282549    1.42146013665e-22    0.0    14.8492425368    15.676784952    21.5930912643  
47749052.8717    -9.57073613873    0.319097094192    0.198691550605    0.00672969273473    2.22974449451    2.16049391931    0.304100234715    1.8950950053    -0.73012418572    1.23258671836    0.9685    0.642843231241    0.514125106413    2.9926550484e-22    0.0    24.095774534    22.9087501109    33.2478146957  
62668206.8944    -9.23889560004    1.47134870151    0.105933493111    0.00232079373347    4.2202827    0.971548030795    0.152640263721    5.84477291104    0.393647711267    5.60618702475    0.9801    0.970003768096    3.46683932098    1.47153494958e-22    0.0    31.3561742329    31.7449111973    44.6200521005  
23149999.5495    -9.09301114249    1.60756230167    0.105172896407    0.00202649275105    1.93616030332    2.17117416052    -0.937499122664    3.30234856304    -0.665977685901    1.34793479915    0.9906    0.0657885689406    2.14520207738    1.2052228813e-22    0.0    20.0555969919    17.9678113641    26.9271093123  
36909098.0106    -9.20466973828    0.550001749678    0.00740545936028    0.00622427412071    1.94523155069    0.559333566672    -0.130269709389    5.60327097989    0.522087200911    2.34023596575    0.992    -0.14711809591    4.83474806153    1.39839450317e-22    0.0    18.4700658465    20.5109723156    27.6015093375  
44975013.2157    -8.93743478522    0.863748921616    0.10665498205    0.00425854662345    5.06746182077    3.62132318563    -0.296224739663    2.74884837932    0.0716349183859    2.68667516577    0.9747    0.696617759826    1.91954565263    1.01572750437e-22    0.0    18.1769149718    17.4543104255    25.2002617113  
21334783.1354    -9.30353211054    1.5326635956    0.197203829119    0.00200286830356    1.46229432425    0.173486361411    0.157284132236    1.35983706509    0.759729053716    2.12286940748    0.9796    -0.873561350968    4.24916081365    1.63370835895e-22    0.0    28.680798337    25.9189625146    38.6572219784  
48583548.8261    -9.34910513691    1.61442352487    0.0417455418162    0.00210532592328    2.7664948587    0.0739221987873    0.726727378733    4.40578131496    -0.546939147683    6.24279364416    0.9822    0.358649547456    3.59848847893    1.77164848566e-22    0.0    34.7021822312    36.3339493471    50.2433809249  
56448212.4891    -9.12618795798    1.20297851068    0.0474758873156    0.00316554004117    1.43823793752    2.49785988673    0.350762141087    5.68329684405    0.700284766041    2.43961220115    0.9782    0.369270047432    1.20946862176    1.25638570286e-22    0.0    17.2344649699    19.7474820217    26.2104908194  
21970229.7081    -9.13268399463    1.34016378383    0.0406888027033    0.00277148181255    0.713371658081    0.364257062059    0.0162184579692    5.61682557668    -0.0600674928063    3.62911262479    0.9852    -0.0359181834337    0.94431578407    1.26700285341e-22    0.0    20.4457276419    23.6903509075    31.2931383042  
63114035.9304    -9.32247114026    -0.421367946268    0.0410068394634    0.016130597543    1.98758565243    3.94931529609    0.539699760857    3.302845649    -0.127753585273    2.62715575599    0.9885    0.286410002831    5.64830713916    1.68818785081e-22    0.0    19.0656986425    19.2033413761    27.0604727367  
60003466.1375    -8.92015164331    1.89578131402    0.164697555557    0.00144057154357    3.25283236411    4.41914252083    -0.402976510762    3.26902696495    0.0596608769619    3.20194973499    0.9903    -0.887257080611    0.713995536248    9.98689720653e-23    0.0    18.2694037638    16.827612992    24.8382703281  
21060536.9801    -9.44021973935    1.51617090865    0.0156615474588    0.00235817903201    2.2250724335    4.74023149525    -0.597641522077    1.96492446169    0.782640378418    2.17611000852    0.9796    -0.225640636096    3.91428568773    2.13174049672e-22    0.0    36.1208547127    32.7618189629    48.7652840342  
53545055.0283    -8.92521270067    0.881497210388    0.081693859928    0.00426480622335    2.08051057356    6.23239782381    0.586615832119    4.52296540196    -0.765555090351    1.13726942642    0.9879    0.410578000475    3.95509524379    1.00359627516e-22    0.0    14.8721550699    14.8161078784    20.9928094616  
40562932.317    -9.50506823228    1.95973320425    0.0958821169683    0.00143542513755    0.611357245309    2.00899881159    -0.0089643605657    1.66001247462    0.623331781786    6.11334419942    0.9712    -0.714796647596    4.65863878277    2.48926575078e-22    0.0    51.3566526744    48.1622396339    70.4067262445  
23811654.5748    -9.12397171519    0.893885248903    0.120355594001    0.00408558379358    4.66530011137    0.627872715439    0.115639543331    0.270883620441    0.784132060884    0.724108441562    0.9778    0.174394141176    5.53972875613    1.25287306091e-22    0.0    19.6595944875    18.6954163999    27.1296562783  
12373903.8103    -9.26847062055    1.72982707614    0.0466217255508    0.00187014584629    3.46077211442    4.67967078703    -0.143344692517    0.362559741095    0.0601599788352    4.83717885178    0.9941    -0.947385175848    0.574977883167    1.54136206226e-22    0.0    25.4192672947    23.7400402016    34.7811537844  
51172382.0481    -8.92199577764    0.817478648708    0.0197319708973    0.00473197441432    3.93964792045    4.50372689754    -0.68573585236    3.11828668452    0.617056242217    0.34906970668    0.9806    0.488775310428    4.88486412075    1.00048118251e-22    0.0    16.5104663599    16.7495742319    23.5190079801  
52961120.6297    -8.83829083055    1.59886687898    0.0530871474553    0.00212299396389    0.0473389150067    5.1335691254    -0.4274662369    1.78115440033    -0.293994801542    5.75669005021    0.9837    0.038798416929    3.56310142475    9.26378957619e-23    0.0    16.052280606    14.3052902443    21.5015590511  
34965787.2663    -8.99642753341    1.44901948245    0.016069498566    0.00252141140561    2.12882696335    1.97507234638    -0.719223610643    5.44108582748    0.398514244987    0.338081061463    0.9785    0.539016318036    3.85938367026    1.07919605938e-22    0.0    21.0432608565    20.8861652966    29.6487896595  
39953799.0568    -9.31298407944    0.630959903168    0.188598345304    0.00498034610618    5.79147708932    2.3399562999    -0.902654420366    5.84433416405    0.73873821481    0.90856535254    0.9698    0.123239087233    0.651467859424    1.6605441017e-22    0.0    21.8798242297    19.0412844997    29.0051240943  
43884162.9537    -8.95838529862    1.25519139837    0.184571649194    0.00267914744429    0.86319932005    1.68565264219    -0.182733690575    5.17262822604    0.173612135158    3.77563193119    0.9888    -0.892360009196    0.319386030335    1.0372775937e-22    0.0    18.9258147323    19.4504076374    27.1386223037  
12411358.9835    -9.18061999814    1.56070920217    0.128091546587    0.00208339401179    3.34739201764    3.77327561499    0.121932923881    4.6311706655    0.761028012942    0.498721133405    0.9698    0.385067685452    4.67806419107    1.35146739583e-22    0.0    28.2382844493    28.0499161136    39.8019911891  
59697384.6526    -9.49421464769    0.117696564508    0.109373761604    0.00896005836661    1.16105157854    5.07344236311    -0.219046229439    1.92220840599    -0.995143680068    3.80871845133    0.9711    0.62365271746    1.22219813925    2.42154145509e-22    0.0    22.6680938613    22.5141002528    31.9488214102  
38637433.6684    -8.98968949761    0.549229767139    0.00957764959816    0.00622199404554    3.6968573653    3.23105605152    -0.166570239306    5.1823133029    -0.137566043169    2.38689702059    0.998    -0.837730321909    1.57269395464    1.07148178522e-22    0.0    14.2966187681    14.5947457891    20.4303674184  
52984120.7613    -9.19424333445    0.778943478835    0.10456581955    0.00464323728699    0.583123366413    0.0920020070601    -0.581253194612    0.963016840053    -0.890709534994    2.44992980196    0.9844    0.929410287564    3.11915266731    1.37760150295e-22    0.0    19.5663608025    21.8169382986    29.3056525568  
38278713.5796    -9.26451104468    -0.304922189327    0.0848759142035    0.0139358894609    2.50618246197    5.65507606002    0.46280125744    4.41736242306    0.677454380987    3.46547109056    0.9855    -0.0743981857391    1.79035756074    1.53156242254e-22    0.0    17.8218472435    17.3191631344    24.8509889309  
47317513.6636    -9.18474035659    1.96207407859    0.0128473147869    0.0015121120579    2.61748052592    3.84944803595    0.238578524572    1.82264057535    0.446988827746    3.21609306623    0.9794    -0.96437023718    0.249953893355    1.35929068496e-22    0.0    24.6824399725    22.2559202569    33.2347533386  
59843945.6929    -9.25968700856    0.932936164092    0.182723990709    0.00370498009244    5.82550127855    4.26237084214    -0.19693561607    2.13865623712    0.302196765792    1.48023550585    0.9812    0.580802515876    0.270591158185    1.52002237355e-22    0.0    27.7961287279    29.1505240728    40.2787515444  
57521160.8242    -9.34978440785    0.543042185686    0.0936931776747    0.00592891443102    1.40799394825    3.21894327171    -0.915856277542    4.39697548799    0.697638683286    4.22534913927    0.9806    0.878780313521    3.64981392797    1.7739015517e-22    0.0    29.5236618904    28.7008406889    41.17505152  
48449336.9119    -8.91474950239    1.11462038716    0.192831720179    0.00305669783682    0.52700262479    3.99912568598    0.292166346135    5.87075120324    -0.784632839614    4.72041344483    0.998    0.498854068085    5.00832469187    9.93517609942e-23    0.0    17.249745542    16.8412304672    24.1076909909  
56211800.6124    -8.68617451221    2.01670151704    0.107971549201    0.00134300681978    3.55407824993    5.05025680605    -0.492897535706    4.20937153473    0.191800448392    2.59375547652    0.9729    -0.133247875042    0.143770097876    8.20548428223e-23    0.0    14.9052125862    14.3881619106    20.716770149  
50937072.9068    -8.97109978314    1.7338485727    0.168845347917    0.00168686777951    0.831756473791    1.98911115371    -0.375677089874    2.66777775852    0.380092524794    1.43644022497    0.9857    0.495111343953    5.09877647659    1.050875543e-22    0.0    18.090508782    17.9566672104    25.4893782839  
11093484.0129    -9.29679662693    0.829972612058    0.0732935052656    0.00451759836441    2.03981946041    5.0773264333    0.63320611031    4.83011917126    0.937820166789    1.24692785698    0.9696    0.577131013373    3.45218346173    1.61505833276e-22    0.0    24.6975227079    24.7363943884    34.9550688062  
53149802.945    -9.51276977081    1.95986045503    0.000339148964363    0.00152532700452    6.27483586915    0.767830796709    0.407696478944    5.40728914836    -0.495494182333    2.41457421913    0.9962    0.527802259301    6.25459164563    2.53998794892e-22    0.0    54.4025869416    55.1984991185    77.5017146318  
32812035.915    -9.22845914443    0.549928969989    0.0184925624553    0.00618779676533    1.4596972544    1.58852052153    0.603934686542    5.87963953848    0.385173966847    3.1282613762    0.9927    0.283412544121    5.47730354057    1.44848369697e-22    0.0    15.2916316653    15.836161589    22.0140412659  
3515136.44814    -9.24627157773    1.05434283578    0.196292579211    0.00323454467047    5.78997954182    4.32008542593    -0.377576700622    0.701586971724    -0.575980981688    2.41073129239    0.985    0.834439434175    4.63518182419    1.48837048802e-22    0.0    17.4797941896    17.9987048874    25.0897704759  
26960781.7172    -8.95555622612    0.907106502699    0.161245366276    0.00388485550959    1.46760170017    2.44617699826    0.964846819673    6.13006892659    -0.842605741514    5.31764955729    0.9743    -0.97469697015    5.62266000271    1.0342939167e-22    0.0    13.9981921    14.5748573758    20.2083113988  
29349252.5382    -9.35523525033    1.47313166649    0.128441301835    0.00227338814119    2.66632262405    5.75917360188    0.257885715768    2.97140813635    -0.826016732268    3.70893710355    0.9709    -0.102631760227    0.462283882084    1.79217134488e-22    0.0    38.1596226004    35.0805147051    51.8343448785  
53692621.3093    -9.07379271267    0.755943049325    0.0539251049858    0.00492933770023    5.20555418485    0.962896891396    0.699970599805    3.42782691736    0.175679860449    3.19445317961    0.9972    0.585367067283    1.4031313855    1.17759432158e-22    0.0    16.4730652157    15.8499929319    22.8600995961  
47150686.5087    -9.27785888346    1.84132453061    0.0478262314634    0.00167155615226    1.12596030898    3.88916930196    0.186545782616    1.84891459655    0.273756261834    0.528147970032    0.9706    -0.607817152389    5.27623861008    1.56498305116e-22    0.0    24.2567439032    22.4268495219    33.0356353694  
47275194.7997    -9.64041533126    0.470466070589    0.169091287526    0.00596560921228    1.3768706937    1.09561667349    -0.832349493796    2.60331709236    -0.654411206294    5.88697440176    0.9886    0.710168086662    3.91685828168    3.79442819877e-22    0.0    53.063290426    53.9089573059    75.6431653796  
59487067.1947    -9.03436213818    0.33646841478    0.0905706965956    0.00730676080429    5.394606025    1.98964310151    0.417640243201    5.15677484252    0.374072372646    4.59128282928    0.998    -0.847963358142    6.2652432547    1.12508626002e-22    0.0    15.089395671    14.9979097123    21.2750360154  
4424900.86966    -9.10637201324    0.40721881548    0.106453639712    0.00672357736582    0.799625629665    5.32116187483    -0.381339459185    0.703961406769    0.82290002954    0.779960542681    0.9951    0.737251130809    3.07748843806    1.22533233394e-22    0.0    15.1619898447    15.2010852911    21.4699541238  
43874182.9841    -9.00746455511    1.29084727331    0.110679288955    0.00276920466193    0.804281022357    3.27554806389    -0.323118370219    1.52830241702    -0.385642118836    1.78810071405    0.9677    -0.500896692165    0.0802804746401    1.09211172378e-22    0.0    22.6149873938    22.2187504395    31.7034781359  
37450576.7945    -9.0669839935    1.92739930852    0.127806617465    0.00144420070116    4.51917649963    4.60730697854    -0.441963982941    0.246532398061    0.950951168294    2.91530939242    0.9926    -0.681137611026    6.0392884989    1.16816193439e-22    0.0    28.032552617    28.3507178741    39.8696276657  
48473301.5551    -9.18810671545    2.42613249361    0.00462401738068    0.000954816802969    0.33432733518    1.00830768584    0.790063570674    2.61858004902    -0.762458105366    2.18526365394    0.9826    0.940757781131    1.44876144327    1.36574848466e-22    0.0    15.8960932933    17.5591132793    23.6856125347  
46144469.8699    -9.02486546873    1.7613641409    0.0293934502549    0.00183116641897    2.77314866859    2.70050479485    -0.421723201692    1.08125126321    -0.423407821741    0.838316452176    0.9711    -0.379861164079    3.48525741654    1.11317339984e-22    0.0    20.4361173422    21.2976843882    29.5165420116  
48487733.849    -9.28393728691    1.59623779451    0.159243582199    0.00195402691454    3.51287735294    1.68373679512    0.149745622859    2.5534682558    0.684848905801    1.10165076469    0.9712    -0.25154029905    0.923441083716    1.58075188999e-22    0.0    27.3226030814    28.8611351881    39.7427951142  
39799657.4532    -9.26046350659    0.233325090335    0.0951558311479    0.00807224115678    1.00922919528    3.83542548857    0.573396931583    1.98073536823    0.629800483755    1.59585112168    0.998    -0.245414596588    6.22000984258    1.52186926611e-22    0.0    18.2803084275    16.9045504101    24.8984638236  
50188862.4064    -9.50599458714    1.56713712507    0.0918015677173    0.00213228575203    4.38694578311    4.37319589172    -0.226626998117    0.47852330299    -0.798683153028    2.76477367923    0.9818    0.866125181516    0.902015127088    2.49537408113e-22    0.0    44.1652275322    45.3508781428    63.3029973326  
60924955.5268    -8.97067335216    1.0812618713    0.0292799405049    0.00361510761677    4.02393738984    2.16909045064    0.726379310994    1.58667847302    0.738198784495    4.6720084798    0.9951    -0.489865082987    5.40819652815    1.05040252348e-22    0.0    20.9882827994    20.9249409065    29.6371585482  
56435481.227    -9.56798549341    -1.7979120971    0.0332637279092    0.0641965929471    3.8698959877    4.89972334541    -0.500341275787    4.30704466095    0.776943537045    3.93051938314    0.9729    -0.156946777798    5.45182862338    2.96760577282e-22    0.0    16.4475629635    15.9966249088    22.9437210563  
26768398.3011    -9.19958912159    0.77543975977    0.0147833638449    0.00494856612129    5.22149342322    1.58834228179    0.509986008782    2.59148949706    0.549107804967    1.37518909138    0.9974    0.508898305066    3.61924618541    1.38819269441e-22    0.0    19.6845333794    19.2576435897    27.5379318575  
55938592.1135    -8.99539406483    1.92346444614    0.150361805949    0.00142065038813    5.8392572997    6.12637215421    0.341125803428    5.09537107154    0.786546408026    0.185625055715    0.9962    -0.213283843303    0.876074205084    1.07802053266e-22    0.0    15.1513318987    14.5513274636    21.0072365926  
59454822.4599    -9.04461736081    0.92327350676    0.059547141492    0.00415434727301    2.24911487585    0.457116615213    -0.397113901843    1.56618995512    -0.694844514008    2.04460390524    0.9853    0.0503561626226    6.19260491033    1.13822433797e-22    0.0    15.6072673497    14.0483741682    20.9986573593  
32074568.5668    -9.47535533496    1.16051546809    0.0935312025609    0.00319789339038    0.472580966679    5.00315106914    0.482444026312    4.85909624372    0.000896326674878    1.56009927989    0.9967    0.433197076496    2.00708090777    2.31181803869e-22    0.0    38.7694705003    35.4562375306    52.5377637771  
23244666.7196    -8.7234281889    1.96102715961    0.126949846099    0.00139748180862    5.24677836419    3.9835058445    0.757643522648    0.750637251737    0.399247847099    2.65500768405    0.9919    -0.259103670498    2.27667712835    8.43634974123e-23    0.0    14.7014644236    14.5868377499    20.7101156863  
6715251.84471    -9.17913890568    0.932433271696    0.07945754804    0.00405963758319    4.42223191517    0.77431421226    -0.844459369399    5.98908388739    -0.417237693572    1.98614106935    0.9742    -0.713330232522    4.11837792247    1.34860841294e-22    0.0    15.7936477942    14.7353573461    21.6002330257  
52644559.8235    -8.76606413467    0.903641963356    0.193589472191    0.00377160793374    4.3024850731    2.03863170372    -0.315856922727    2.89456564398    0.0162956055012    5.07387215326    0.9717    0.39564196459    1.68751999923    8.72141707195e-23    0.0    14.0025583992    14.3183092989    20.0271221823  
30618552.2326    -9.20354391521    0.393170235369    0.109589904808    0.00680138964744    3.53457208416    5.88305983236    -0.515414117603    2.1791069041    0.342048781611    4.71856661714    0.9727    0.521706287214    0.685831375389    1.39617317932e-22    0.0    16.4874679603    17.9738701822    24.3905024358  
36790843.9619    -9.5163084158    1.51560702325    0.0863947036353    0.00225422647499    0.438818848316    2.12924735761    0.506492662484    5.52841422893    -0.953216454893    3.5218452371    0.9736    -0.271420163223    5.2184151707    2.56366462305e-22    0.0    43.8896505266    48.7158609756    65.5708512522  
11290521.839    -9.27722673889    0.961678394131    0.174103875602    0.0036319489859    2.76949372556    2.54435317168    0.932295027241    3.58431140312    -0.951600944986    0.0846546238882    0.9726    -0.817764168513    1.15591974668    1.56354763555e-22    0.0    25.5779298331    26.689958444    36.9673420236  
60357659.9544    -9.4176656179    -0.065486004194    0.0303415118673    0.0113730772075    4.02774498461    2.15771870964    0.521614247066    0.513700101309    0.206597671998    0.0796388945199    0.979    0.697259366584    5.32569155226    2.02971794314e-22    0.0    28.4847166574    27.4214040836    39.5387466287  
33143436.012    -9.08859689612    0.601602209236    0.110475259177    0.00551776080524    5.92455124799    5.87466164904    -0.712058529004    5.10499398581    0.713300574354    1.47017368813    0.9683    0.767399144168    1.62702585859    1.198811077e-22    0.0    19.9955671792    20.4520898027    28.6026342163  
29511033.018    -9.38605139017    1.18028134307    0.153019548454    0.00297961776324    2.42244238249    4.66669376447    -0.391390011131    2.77211605306    0.909049105656    5.6402149961    0.9874    -0.0439497651458    3.72863811104    1.90194901538e-22    0.0    30.8900692754    31.7667317539    44.3093853056  
43248712.1086    -9.04783595619    0.773610499469    0.0816228729572    0.00475090685388    3.30973396298    6.02906355185    0.486636302798    3.70446542669    -0.859199825729    4.43290940109    0.9794    0.554971094387    0.605970088387    1.14244819947e-22    0.0    15.6237524441    15.0547676178    21.6967202236  
54751333.364    -8.96479939316    1.56814585623    0.184038651857    0.00196030545843    0.415255898535    0.0262159038779    0.525484664817    2.13726909722    -0.344403812732    3.05476959921    0.9827    0.0413296082519    5.71247374923    1.04404903854e-22    0.0    13.834534637    14.7570158309    20.2277993083  
12904078.2592    -9.2165432612    1.30857319888    0.127978461243    0.00268111483833    0.906395890039    3.81511202899    0.39002197047    2.88637567927    0.249047194614    4.98473821428    0.998    -0.359415283716    3.14873991051    1.42288179176e-22    0.0    16.4701116268    16.8180178336    23.5395475924  
51430714.5999    -9.2425513543    0.450871370183    0.194606502536    0.00592499001765    6.06628283714    4.03409783986    -0.634611088884    2.81279918029    0.424578533214    3.41781290179    0.998    -0.173090536762    4.21962709422    1.47986487705e-22    0.0    23.2244594173    23.0850686079    32.7459296381  
30590590.6852    -9.06775246897    1.91143377144    0.194292762123    0.00137568822683    3.50738715329    1.47729039738    -0.84917867575    3.2659670187    -0.610192600718    5.64379103152    0.9874    -0.98223650623    0.891499746096    1.16927447532e-22    0.0    16.6787568362    16.1717419905    23.2315769721  
36238882.0785    -8.81875652977    1.44524678076    0.0504482217559    0.00247974430882    1.32259123813    4.6512498201    -0.639358148075    4.81994226599    -0.185031261678    0.339058410823    0.9741    0.498460775198    3.50927266201    9.1091563301e-23    0.0    15.0968167672    14.868914852    21.1895848326  
33592111.4347    -9.33477864676    -0.387854009419    0.072539383631    0.0152768879964    2.18424099046    5.30110007779    0.834039823735    2.41828708462    -0.49375596999    4.95495218168    0.9852    -0.127641492028    2.73234401845    1.72580719498e-22    0.0    15.7670878165    16.1135902836    22.5443751308  
20579528.9093    -8.83947987113    1.35176175046    0.169176425807    0.0024710192884    0.33383439543    5.83107193004    -0.166543819554    4.3801517318    0.925591900283    3.20443404151    0.9668    0.480863215762    1.95527857487    9.27344347305e-23    0.0    15.8682339237    14.6772932172    21.61535991  
57208089.3032    -9.24765106447    0.647478114159    0.0696166388519    0.00543610558231    1.96080067817    5.83827335384    0.870706747128    1.21930231314    -0.361432384157    3.45929176088    0.6139    0.12805027637    0.873578794659    1.49155323359e-22    0.0    23.9990618111    23.9360568911    33.8952767698  
57239645.7637    -9.29835522236    1.44389501199    0.0111996568058    0.00254102218426    2.01608901093    5.94160569255    -0.386718360995    3.32537905976    -0.854352519826    1.26838665276    0.9781    0.507351559792    4.91041111021    1.6192638346e-22    0.0    26.1026559121    25.2131851703    36.2912296857  
28190146.9609    -9.15043240296    1.1190971118    0.16698220612    0.00312512052713    3.29802043535    3.53217486168    0.888080322883    0.386442368291    0.686886536811    4.75783889    0.9683    -0.927407939752    1.89727675467    1.29696893138e-22    0.0    21.0940660566    21.709366348    30.2697243138  
46690744.9204    -9.34183196753    0.921941084487    0.0332597516167    0.00422956572328    3.77819045205    6.25971558839    -0.387214496225    1.50826678473    0.341766861564    1.83261845998    0.9735    -0.784088834844    2.8996567183    1.74817738177e-22    0.0    35.2636272266    35.2165619475    49.8370308162  
28577181.341    -9.12968057941    0.633740731906    0.0982066696579    0.00539592745688    2.48899282471    3.54443365722    0.467820925854    6.06055738369    -0.255054119289    2.05840489537    0.9951    0.969796124908    3.52138792623    1.26210282002e-22    0.0    17.1855618505    16.9985695866    24.1721927865  
23355889.7099    -9.49992276278    -0.286589030185    0.0609172597231    0.0139168147829    3.67264304258    2.49213428593    -0.451830328358    2.15358706945    -0.675397564301    2.54663939254    0.9675    -0.69050943647    1.02421529743    2.4567203761e-22    0.0    21.6940789831    21.7331006199    30.7076655817  
46397049.2244    -8.90599192042    0.97992691784    0.104661997793    0.00379753202138    3.68131857656    5.64301090902    -0.0124152793502    1.16266303718    -0.438746865216    2.92278811531    0.9713    -0.370013184019    5.94670926799    9.85246360163e-23    0.0    14.1005479234    14.6292600619    20.3184817764  
38553616.3525    -9.2554527773    1.69909580262    0.0125884173839    0.00196722603242    3.80697646243    5.5417514547    0.186363118134    0.99525940683    0.170459846499    3.17368053164    0.9686    0.453917654132    3.80580105786    1.50972226784e-22    0.0    25.5202771286    27.0196286546    37.1664482747  
56893698.8405    -9.07018987797    0.181827284185    0.0450469162055    0.00880226227423    1.37506856906    2.37562627961    -0.410490583008    1.38168394907    0.708306543901    0.980410307207    0.9837    -0.576329915734    1.79286369752    1.17265682461e-22    0.0    16.028934336    15.1940605335    22.0858826277  
12799237.8105    -9.25359949492    1.53147882216    0.197107990942    0.00200545109432    5.92334787527    3.4817398694    -0.175480465956    2.12814170761    -0.150430460075    1.62421680473    0.9688    0.591700104244    3.29020623922    1.50537706532e-22    0.0    28.3033673982    29.246826385    40.6996002397  
14030909.8934    -9.2881343976    0.871101291201    0.198713768585    0.0038748272529    5.61302393233    5.65055958495    -0.934371836203    0.529254296    -0.135981079607    4.10079673092    0.9948    -0.150894748393    1.01464389218    1.59180522816e-22    0.0    20.0518114951    19.682835927    28.0978499954  
5717904.623    -9.65759985312    1.94167255284    0.140616885659    0.00140761841516    5.82956941392    3.96425381054    0.777039629854    4.04755658284    0.153289563635    3.19605239056    0.9717    -0.400250060323    4.21531557875    4.05903574787e-22    0.0    68.2395926117    71.3120896979    98.7018547794  
58513428.6394    -8.73365036492    1.70442837864    0.123098196467    0.00181228242536    1.15038761968    1.41987770689    -0.70423851055    4.42286506643    -0.475474807658    1.31913057956    0.9917    -0.420006444321    3.83270310153    8.50235626632e-23    0.0    14.5263767718    14.4297164705    20.4751639685  
19810805.3534    -9.17904342661    0.981573813243    0.17940468933    0.00354121384402    3.01393324302    3.90314676649    -0.880321093035    0.180724780015    0.774672054336    2.2616016915    0.9857    0.813061988765    2.01813485743    1.34851946034e-22    0.0    17.2435655552    15.6001697843    23.253082599  
5679095.64275    -8.97009214828    1.29782555691    0.0638006477571    0.00284832003655    3.00427136446    1.50242519261    0.806842446996    4.07395209256    0.838920280138    4.49959964055    0.983    0.637793207171    5.02288544465    1.04980748865e-22    0.0    17.9234059225    17.8996978177    25.3307651252  
57913271.8923    -9.05730074448    0.550696073057    0.123596974706    0.00574248706978    2.49476484242    3.78957272397    -0.517185097187    4.92656578276    0.601275410444    0.706309578598    0.9681    0.756874513843    6.21694271364    1.15497076328e-22    0.0    18.7569621927    17.5010191396    25.6536410988  
45878237.5533    -9.34746546787    -0.726356621191    0.0219514671941    0.0221300603807    4.43514580141    4.11882922864    -0.132635828327    2.5172347298    -0.769656953949    2.71479461038    0.9721    -0.885288501358    1.98565723273    1.76626727291e-22    0.0    15.8252359533    16.4175459304    22.8029363758  
36631815.4184    -9.20344607743    0.897994725538    0.137556530902    0.00400819723232    1.43757817419    1.94719357123    0.827866829179    5.82034083538    0.411588471247    4.55339831043    0.9785    -0.817022725167    3.68897582703    1.39597106296e-22    0.0    15.6252161541    14.3366293414    21.2058086555  
