tPlunge     logmu     logM     ePlunge     nuPlunge     gamPlunge     phiPlunge     costhetaSky     phiSky     cosLambda     alpPlunge     SMBHspin     costhetaSpin     phiSpin     Zeta     SMBHQuad      SNRI     SNRII     SNR_tot   
20809432.102    -8.75254214791    0.714536461938    0.0646365353936    0.00510105593499    4.51224373055    0.893855787168    -0.546927674873    3.99445167681    0.79335240858    0.648498378732    0.9955    -0.913176587482    4.10419556447    8.62825711433e-23    0.0    14.1756164775    14.2307484543    20.0863711029  
46355882.1928    -8.85317027594    1.93075674859    0.0441169709609    0.00153213484855    3.5655832267    5.15776138043    -0.579918321029    3.08965340118    0.117027542914    6.10706552263    0.9924    0.533880850975    1.8345964872    9.38562901687e-23    0.0    18.0109168575    17.4157594946    25.0539778243  
53814875.6496    -9.57349437096    2.13008513971    0.167838171884    0.00113614070542    5.9893443868    2.22164058368    0.248224463147    6.27936587695    0.254950321701    1.71642567786    0.9979    -0.139523136673    2.06268137407    3.01800311461e-22    0.0    61.0970564099    58.7841310952    84.784576254  
61337313.2322    -9.38746157902    0.343493282483    0.0712574159571    0.00735880634832    0.507897719685    4.22778503924    -0.502780162417    1.71384767499    -0.37389369886    1.83326284536    0.9802    0.158834223666    2.75633444568    1.90741462636e-22    0.0    27.6075045456    24.7382875945    37.0696261155  
61068248.9019    -9.32285691084    0.866082125662    0.130387462329    0.00416459711174    1.92128026628    1.40540080995    -0.744497550137    3.83065587994    -0.754638944356    0.931703741716    0.9726    0.137414542248    1.98641132974    1.68944139219e-22    0.0    25.4050131872    23.1315507292    34.3581625554  
61928027.3009    -9.07040396948    1.51480996153    0.153232051381    0.00213201033101    1.36254293427    2.09557815026    0.178686634953    5.64127819245    0.749956507395    5.12257126838    0.9871    -0.0322223183227    2.79249321858    1.17287338961e-22    0.0    24.155255792    25.9623251249    35.4615102367  
54789782.7858    -9.1106872545    0.699016017185    0.123670202064    0.00495060461514    4.89715042608    5.48322288536    0.0185919030004    5.20225690578    0.401538704658    0.16533638104    0.9809    -0.485851985576    4.55094635361    1.23198711513e-22    0.0    16.2997826783    17.3824460558    23.8292330184  
19264254.6888    -8.9563200514    1.31274894634    0.127967272769    0.0026699685074    4.6039438693    2.90483726997    -0.265525035671    1.86956489731    0.570731425164    2.7537087773    0.9846    0.0944862877783    1.52375309641    1.03508424509e-22    0.0    15.6659403254    14.3489099247    21.2441263013  
19425789.9867    -8.89486423596    1.16282745024    0.0943865106766    0.00318841009513    0.628636919983    5.50685554378    0.267715160596    3.60529952139    0.531437238987    0.418530617336    0.9801    0.802983686798    5.84304145834    9.74947694008e-23    0.0    14.2879802581    14.0767308319    20.0574357975  
36435161.8153    -9.09520364501    1.35830241867    0.0526564050358    0.00270113472964    1.54064155143    2.86284556164    0.118545703352    4.90728527507    -0.213155617546    0.494307991458    0.9868    -0.681140400924    5.69151798702    1.20846245803e-22    0.0    20.5498614011    19.1047805776    28.0586785954  
23456620.6312    -8.70662006164    1.32712473959    0.0547205890527    0.00278292423368    2.84924445471    4.19570325964    -0.570318146729    3.81018164137    -0.132314524874    0.257867788719    0.9764    -0.253782937259    2.77544650831    8.33037494178e-23    0.0    14.4662507465    15.042410847    20.8697516696  
54990597.8236    -9.49480363367    1.32734630341    0.0554974507747    0.0027808883914    5.91755707285    3.7300404805    -0.629036940176    0.564874977487    0.0923644900641    1.70472196176    0.9596    0.170160646369    5.65921031549    2.42509330049e-22    0.0    47.7594676811    52.3110444884    70.8336934563  
62607621.7194    -9.17242986617    0.0277791313996    0.0887003593015    0.00996326070952    1.14113639381    5.25182058557    0.775899004973    3.8773106274    0.304864665287    1.75620838341    0.996    -0.411697019635    5.61100772775    1.33609702521e-22    0.0    14.1460330642    14.2627117837    20.0881855547  
47193030.4478    -8.98996605174    0.779211722301    0.124114690622    0.00456734830391    0.879846696073    5.90166427055    -0.86304083908    2.09585761714    -0.538203133834    2.79128177327    0.98    -0.0859730728706    0.680159543197    1.0718586088e-22    0.0    16.650133746    15.5748399914    22.7991796896  
56716464.7972    -9.09292354229    0.406391258852    0.120340469727    0.00665235835024    4.41130502546    3.40973050946    -0.459605234744    0.953646774908    0.58533755735    2.30791094268    0.9896    -0.0826840888831    1.35312496109    1.20519551033e-22    0.0    13.8994186611    15.6696081415    20.9458935934  
51580654.3139    -9.43416360911    0.949804384769    0.169512214908    0.00369231468183    5.93585919318    3.99559826908    -0.658686463187    2.62822592452    0.210900732565    5.81682230103    0.9913    0.702527117496    6.07286727145    2.10333851229e-22    0.0    27.9081776829    27.3631069244    39.0846005753  
41457986.0945    -9.02331184807    0.60011228959    0.0873555207623    0.00562703362029    5.29715206597    2.17949039666    0.130919103157    5.06406797124    -0.959240913064    5.66276997136    0.9754    -0.164383671363    2.11464374764    1.11127626989e-22    0.0    22.443208997    22.823973922    32.0098643495  
56962340.4593    -9.14876372731    0.50620582612    0.137896033941    0.00592881987186    1.13511260519    3.98101432146    0.735753925604    2.43211029921    0.512588130023    0.0955577126451    0.974    0.188362188869    3.00130063227    1.29405862371e-22    0.0    16.3694789671    16.7393088701    23.4129088988  
50637942.7905    -9.61057573111    1.31703260322    0.14074780869    0.00262851818078    6.16643634978    4.56479704254    0.145933853552    0.231896788171    -0.728550632633    0.00972843753027    0.9695    0.739676631808    1.10923665573    3.4053539743e-22    0.0    75.8383134213    73.5311027511    105.632726247  
50189344.0062    -9.26077427471    1.83031760123    0.113721776227    0.00161056695007    5.39482502359    0.0253643562366    0.991267531334    3.08579169317    0.619335709549    0.701534838482    0.9869    -0.0371915837952    3.75711809185    1.52249966995e-22    0.0    23.6623436748    20.4839080304    31.2969167232  
10576473.8116    -9.17947315422    0.664538635349    0.196332003819    0.00477622132727    0.0745981523629    0.667766280295    -0.365364910826    1.20969266733    -0.438207619855    5.97315369983    0.9841    0.536237088431    1.15171540463    1.3492832552e-22    0.0    17.9369592435    17.9856430051    25.4011389747  
44148417.0384    -9.03328873373    1.56528019081    0.181302877471    0.00197152300895    5.83714177959    1.5168440816    0.277778310018    3.59573307954    -0.50519134795    5.79199235262    0.9798    -0.470099016648    3.43785232323    1.12372998407e-22    0.0    18.5196419616    17.7559368705    25.6563916507  
30411619.6494    -8.98893923597    1.21358505258    0.0682125373538    0.00308926729306    3.96510379873    3.5221601025    -0.349456105366    5.26340538152    -0.975504671348    1.12982842423    0.9779    -0.637856715836    2.26633768257    1.07061936487e-22    0.0    16.2464909759    17.9053804186    24.1774919494  
44195915.7361    -9.25715464203    1.05290037037    0.0676710301114    0.00362913477319    4.38922581578    1.32383821309    0.984038571452    0.259261921025    -0.204745481626    3.27746519968    0.9906    0.342403755425    1.89772314675    1.51384887388e-22    0.0    24.3691368372    24.2116980114    34.3520181472  
59268007.9303    -9.41796867575    1.71479999036    0.189365677847    0.00168345330466    3.65425193816    2.13369174505    0.900494305967    4.2108953154    0.184827491618    1.17661184812    0.9679    -0.056901204963    3.66818973898    2.03113906551e-22    0.0    36.6839989538    35.8324805133    51.2804293954  
27346665.7954    -9.10022059872    0.355345085662    0.0533480087053    0.00736087793383    0.80770248706    0.511058659405    -0.393672843223    2.7278042807    0.108581823279    3.41373160756    0.9863    -0.304214719531    0.711071608616    1.21604371883e-22    0.0    15.0512274283    16.2106957459    22.1207166173  
29727836.752    -9.10895002161    1.43297530965    0.00801032046471    0.0025732446839    4.45377867552    3.32061980296    -0.481760462489    4.21173837414    -0.837397097004    2.60071857    0.9851    -0.750410991868    2.4918094148    1.22926155966e-22    0.0    18.5803964631    18.815531454    26.4434369291  
23041853.8206    -9.08069137323    1.28393490586    0.0931644068092    0.00282739084902    2.56299228411    5.67855129545    -0.329456527639    0.690983823208    -0.580305426164    2.87035622417    0.9819    -0.0739233476372    5.73789991617    1.18735109366e-22    0.0    17.34374329    18.5015308844    25.3596545003  
27929130.4465    -9.32429107734    2.41820212141    0.00349027700959    0.000962977232276    3.49364647541    4.28825044792    -0.876520247053    4.90451638882    0.632747605886    4.76734768675    0.9905    0.174362829625    3.40693437566    1.69377710275e-22    0.0    19.5922163534    20.4795952432    28.3419964534  
36267580.7782    -9.36697549914    1.01653197771    0.0695647779836    0.0037585952268    5.30101791201    6.0040750753    0.91247900782    2.12213185995    -0.362551001645    2.78150963793    0.9822    0.960342134552    4.41934325576    1.83235984681e-22    0.0    26.8622800474    27.2958137001    38.2967823048  
56925886.223    -8.8934998813    0.893177539449    0.186201849886    0.00384128098266    0.570043693058    2.99703872573    0.769111073449    1.75946447893    0.23429792357    5.92266738887    0.9793    0.523304649015    5.78338263183    9.73748448704e-23    0.0    16.6853106428    17.2463357425    23.9965765848  
53885776.0624    -8.86324915596    1.74038545579    0.158456146998    0.00169300245102    4.70602005549    2.85233770753    0.900489268312    2.26104119768    0.947905870168    2.54850991555    0.9762    0.694717578357    1.78673052785    9.47067535048e-23    0.0    15.7548375387    15.7626813132    22.2862519965  
37406944.9175    -8.92710330567    2.11609480033    0.0604225471994    0.00125954028769    3.94112047155    0.708678040619    0.307398302775    2.15135656424    -0.655620190305    0.191564447648    0.9746    0.432185161584    4.90964462093    1.00544919252e-22    0.0    15.0587559141    15.0459338916    21.2872322379  
61342482.4728    -8.95049157449    0.685596781185    0.0517042469156    0.00529622864666    5.48195999589    3.04655045241    0.451115918554    1.52586842827    0.983555986273    3.47508035948    0.9896    -0.0572662832504    4.74659200008    1.02900863285e-22    0.0    23.2247566492    23.2654542425    32.8735559762  
44517565.3753    -8.52109412791    1.11821784689    0.0618917448804    0.00341314197082    3.45047506372    0.959813281666    0.572578771181    5.17485352178    -0.988846767578    2.3258427553    0.9902    -0.70665592862    2.25183189311    7.35084043914e-23    0.0    17.224577421    17.427234192    24.5029500043  
61278934.072    -8.99726303844    0.698232012633    0.163162970782    0.00477833574308    0.0946361644966    0.517985512947    0.281359811347    2.30867451254    0.573847616809    0.374182843085    0.9799    -0.895502038284    4.63090250337    1.08019359489e-22    0.0    17.6133230591    18.1932886789    25.322418963  
28563760.8708    -9.03275246327    1.21973792179    0.077758318192    0.00304962973895    5.17872302193    1.47179363646    -0.707163246221    4.2997467846    -0.597438988812    5.47007714612    0.9977    0.477042993313    5.67330457813    1.12303785579e-22    0.0    20.1366929034    18.3514508614    27.2444884299  
13427022.7772    -9.19061479567    0.569813155021    0.12995627086    0.00560279975521    3.75995278065    5.71859600099    0.649704051905    5.82982923105    0.449223777426    4.35643117064    0.9813    0.171815613748    0.901788989991    1.37054267444e-22    0.0    19.433931805    18.0566823013    26.5277492663  
34590387.7756    -9.27522757997    1.50915996158    0.194835794405    0.00205575572541    4.89282179029    2.14771829497    0.911018458748    6.22804125555    -0.126761715622    5.66160493704    0.9886    -0.503684538159    6.01809787003    1.55833759409e-22    0.0    27.0292365393    23.8430435468    36.0426185712  
20195552.2801    -8.78861667806    1.5083135993    0.153377352822    0.00214561057239    2.09537665862    5.42081938638    0.408943159504    0.975087169141    0.41795792394    3.80710401003    0.9936    0.643136703884    5.99853252015    8.88235118844e-23    0.0    14.1615165498    14.2481313119    20.0887480165  
56112876.2635    -8.83132098233    1.31525048846    0.0183654282696    0.00287866826894    0.528855169287    1.10196858996    -0.240762685864    1.15017576432    0.0479779011485    5.30526560951    0.9919    0.406888175353    5.43994287569    9.20802453321e-23    0.0    14.7315955884    15.3367194729    21.265814651  
29283111.8803    -9.10211951514    0.768372002997    0.102334043318    0.00470093820141    3.46714075434    5.71880280953    0.920863314742    3.38258395523    -0.884491822529    1.84145958984    0.9931    -0.962686460799    1.36090274721    1.2188885561e-22    0.0    18.5679165358    18.5514215381    26.2473382567  
31397303.0958    -9.30884463997    0.604935477912    0.0820316392892    0.00562212980185    4.64812317278    5.60468531481    0.449928024842    0.223215518168    -0.930473681454    2.07308726454    0.9713    -0.722999506495    2.11847928547    1.6485428738e-22    0.0    20.9483603037    19.0570680299    28.3197041176  
21587164.3607    -9.14904164663    0.365700474644    0.120643403525    0.00692685218872    0.563269783247    6.23612608509    -0.398476952204    2.56971178032    0.531437238987    0.5630263969    0.998    -0.0825171067312    2.5130527474    1.29449342631e-22    0.0    14.6692913303    15.0722028247    21.0323419077  
47536710.6466    -9.14765282181    1.45344894633    0.000415747872965    0.00253091764774    1.47741147928    2.22802182444    0.358987696666    5.73596849275    0.464523383707    2.77034367103    0.9712    -0.353116209898    2.25053575244    1.29213102127e-22    0.0    24.1826288795    24.1327627756    34.1641592712  
38248373.5171    -9.18320521597    0.702483363784    0.082352730979    0.00509839965707    3.8363575193    1.71947067141    -0.211481413976    2.55851246045    -0.766904479039    3.38079348414    0.9936    -0.786196108385    4.4969061948    1.35629259204e-22    0.0    13.5925215884    14.7131181927    20.0307885538  
22357539.9842    -9.43539657887    0.304077847476    0.14304439385    0.00722307571593    0.636234128934    4.19737567653    -0.0452200826104    5.30490645142    -0.545598972388    1.17229472041    0.9957    0.242159574219    3.82938379901    2.1087986589e-22    0.0    18.467200374    21.8764925809    28.6289786282  
29665049.8673    -8.99730284181    1.64110080484    0.0129082565634    0.00208433105263    4.53066027149    5.03170665645    0.691230966692    2.89343369415    -0.684999981318    5.56333579636    0.9804    -0.187104911385    1.945620804    1.08023794883e-22    0.0    17.0301319746    18.0452746747    24.8124431114  
55343529.895    -9.07995612679    0.756917648994    0.0754860168228    0.00485240144455    2.56117585146    4.85260848399    0.701979599118    5.28715274464    -0.474946884502    1.28030087538    0.9668    -0.348516168853    0.352382127124    1.18633957297e-22    0.0    17.4818005789    16.7048053421    24.1798236759  
36818455.0575    -9.30748671901    0.0142987714632    0.155757382521    0.00953697780786    2.793179946    3.9582307621    -0.649507343853    6.01367649432    -0.0720412123358    5.09247584865    0.9702    -0.216005525218    2.57211512408    1.64465471718e-22    0.0    16.8353013296    16.7594804142    23.7551584843  
33726161.7357    -9.49342987229    1.57555718675    0.175373866054    0.00196325509611    3.42712147878    4.1036861645    0.511310067214    1.18474757008    -0.0583704764857    5.94749679782    0.9801    -0.978178603708    6.16855082756    2.41704108111e-22    0.0    47.1014384153    50.011291303    68.6998890725  
50591877.97    -9.21273429812    1.20162781898    0.164748426007    0.002883899825    1.3633932255    1.62710745932    -0.415569267076    3.06612442816    -0.629883862196    3.61536404147    0.9941    0.19124905875    2.17170866392    1.41490485718e-22    0.0    28.1675924091    27.1799144713    39.1428283698  
46452046.8549    -9.31506024256    -0.626255394147    0.0260159476636    0.019975907442    4.95061817845    2.8141196063    0.475717016098    2.89573476077    0.100725225319    5.81589377388    0.9931    -0.918594116487    4.47098307454    1.66637864117e-22    0.0    15.6742053899    15.536832443    22.0697502696  
32836626.9092    -8.75719615203    1.02902075171    0.0618337743463    0.00373172114776    4.07041650635    2.88683405302    0.265269127381    3.02714149338    -0.973668069796    2.54473094117    0.9972    0.725136509772    2.84845494158    8.66035680946e-23    0.0    18.1282847141    17.413321053    25.1367948786  
976471.849388    -9.82064910987    -0.822837341975    0.116036552221    0.0228241245694    5.54251836167    1.19977441755    0.604262616076    3.04016385953    0.386096618088    5.55430334075    0.9977    -0.418066084341    0.020483471578    1.12547592109e-21    0.0    28.7321029788    28.6767048347    40.594176205  
41258415.3594    -9.4156072566    -0.0836903917093    0.0891103911614    0.0111346801222    5.85298827633    1.66371811869    0.509544886483    5.88694425601    0.822615833597    0.6911527592    0.9902    0.663286801343    4.66210259328    2.02091359756e-22    0.0    21.3055034544    20.2118918002    29.3674147243  
41525046.5951    -9.08968771805    1.20286764763    0.108918031055    0.00302822471919    1.90018993863    1.19606491103    -0.902490566111    2.06965221655    -0.89641062537    3.32759979913    0.9902    0.215603728528    0.376299300344    1.20042858463e-22    0.0    14.425575091    14.3331867981    20.3356204846  
47829337.0298    -9.27648974159    0.776366515913    0.117145460395    0.0046075086612    5.30470482767    4.31980774544    0.115772731255    2.66624364499    0.383604576257    5.77004354995    0.9975    0.0501565450092    4.86832193285    1.56161038079e-22    0.0    26.0084863761    26.7465550313    37.3070981131  
39772217.5082    -8.85939264114    0.953994766686    0.12133982222    0.00384402478998    5.36944522209    0.655675151544    0.108294096606    5.06153868398    0.287385750434    3.18115470772    0.9973    -0.179015744224    3.40814154381    9.43828076061e-23    0.0    15.0608120628    15.312224685    21.4777160051  
61325231.2035    -9.19051821464    0.369124315944    0.163147515575    0.00664068494377    2.71306888626    3.91440358806    0.525055056589    3.39233814291    0.765421673364    2.70257199693    0.9968    0.661373532004    1.81631663503    1.37039073976e-22    0.0    15.8041633625    15.3969408697    22.0643913973  
24678051.4323    -8.98511770073    0.761724997909    0.133774345752    0.00460889797819    0.147899709156    2.95474919853    -0.33884007549    1.27168166801    0.108780638609    5.62719522041    0.9826    -0.654064401019    2.89487292003    1.06635627914e-22    0.0    15.5890085636    15.7857970367    22.1857741825  
59819091.1559    -9.09964721685    0.536441138818    0.0216528530082    0.0062607932413    3.61508031967    5.17329402095    0.699818548312    1.62347423773    -0.0104034855301    6.01542871871    0.9709    0.0157590710689    5.77861294337    1.21513364032e-22    0.0    21.5629385432    21.1896572    30.2318026402  
48868087.2136    -9.10481952785    1.59621443333    0.117216754261    0.00202948010477    2.14949514648    3.80543551675    0.829903341134    2.16420121485    -0.078123984384    2.1863876729    0.9837    -0.531488530379    2.37766439335    1.22302392725e-22    0.0    17.2685757546    20.0463517836    26.4586456272  
25563044.5483    -8.95185992773    0.747549517994    0.016885702268    0.00508269971304    1.09022269391    3.51959400822    0.321093483073    2.02782985647    -0.0566732914745    4.73517132871    0.9826    0.813969051522    4.72154788483    1.03042939265e-22    0.0    16.4501383221    16.5503063023    23.334945672  
17655665.8022    -8.71318960271    1.66709425502    0.0727071917373    0.00195672891534    0.52444987779    1.81154122778    0.535469391601    5.67586044348    0.861337397779    2.15015932258    0.9979    0.0565596447817    2.23089595718    8.37116091537e-23    0.0    17.1671119914    16.8485210255    24.0537397274  
25768656.4066    -9.07939424403    0.647876481322    0.00554567164251    0.00564938177539    0.238732508004    1.00222386234    -0.817035409485    5.00080733857    -0.628251426901    4.86023245724    0.9709    0.930013653999    3.82009414652    1.18549431496e-22    0.0    16.2711694714    16.4585537049    23.1437884976  
17603502.7334    -9.20766176994    1.1482146858    0.199641402508    0.00293402604675    6.14662741948    2.37086680025    0.433612615566    3.71461458554    -0.351435222478    1.12917639244    0.9729    -0.96518076063    1.5743613845    1.40444776551e-22    0.0    18.8948384184    19.0287656643    26.8162048315  
27023491.9894    -9.18498043534    1.34474119492    0.118884342903    0.00260609189197    1.88392855667    0.396902117146    -0.561220427718    1.98846259758    0.795296383752    0.883025407541    0.9852    0.297802124614    4.71976294779    1.35963188242e-22    0.0    25.9547157476    24.530579428    35.7126951742  
18109735.0124    -8.86897442906    0.98493847641    0.114464250478    0.00374847939733    4.73278578789    0.991810461407    0.601042232292    5.39565590373    -0.558522632633    2.48675529652    0.9676    -0.750195724673    3.58763760289    9.5199705236e-23    0.0    14.207752134    14.2796102932    20.1436712351  
56857310.7065    -9.16458854115    0.735145807666    0.161432994265    0.00461293455656    5.99178216233    1.17207257421    -0.509696315952    3.21767478123    -0.961745335955    4.66291178698    0.9884    -0.633721432035    3.68878981078    1.32181540824e-22    0.0    24.002779481    24.1665691878    34.0610699938  
49631160.378    -9.47754056624    0.865901929996    0.133504340477    0.00415391519387    1.38727732261    2.56073649299    0.847449698458    6.0821621277    0.227292324197    1.09973127761    0.9871    0.377206201299    4.7269684961    2.32421665827e-22    0.0    46.9632327782    46.1776469276    65.8628902247  
42225668.7596    -9.24336556228    0.847713607769    0.0134900883927    0.00460674934981    1.47520338492    3.80325642748    -0.314933579677    0.257149933268    0.253789793432    2.97895527466    0.9742    0.393045201111    0.302763787036    1.48157367597e-22    0.0    22.6789062831    21.2110692169    31.0522502812  
23480314.4704    -9.2986241914    1.27231371202    0.180221075392    0.00264557768508    3.7019522489    0.239943653134    0.925800385058    6.06551547802    0.939406997931    5.75958357154    0.9796    0.761772450252    6.08597420156    1.61997822302e-22    0.0    39.0855969086    37.9557906442    54.4823451141  
44356343.8373    -9.15256865975    0.0962248832795    0.0665376275974    0.00945414486908    5.97786151043    1.54200107518    0.160763256521    4.50710884    -0.0901809892077    1.91656062885    0.9811    -0.725892943284    4.1666349436    1.3006114859e-22    0.0    16.8702896038    16.5428561954    23.6277963936  
10046696.1569    -9.31812772963    0.616836171114    0.14436404971    0.00527675832126    3.04318850612    6.13336204529    -0.41775242878    1.44075557467    0.486689667702    0.275823595061    0.98    0.935743762858    6.26783034985    1.6754424452e-22    0.0    25.9356212549    25.5881677292    36.4336489747  
49883247.2149    -9.16835981796    0.410624427409    0.161941370019    0.00637823361343    1.48879543666    3.28217975832    0.189659736959    4.42770549528    0.971456704743    6.03308854821    0.9792    -0.474542617087    1.93229631424    1.32873829161e-22    0.0    21.6798032191    20.9946945823    30.1793152378  
8698846.62779    -9.24576113925    0.895053868802    0.0917015632884    0.00417600088434    1.84815839308    3.43715823845    0.712177696049    3.92236212271    0.336404565399    0.0188096011675    0.9685    0.628522225967    5.73017495514    1.48709952427e-22    0.0    25.5165906901    25.6551648971    36.1840280558  
16791271.4868    -9.36071596741    0.423658868254    0.157850274075    0.00632059115754    4.89312845749    1.67328893453    -0.27993970878    6.1446225624    0.208847503322    3.42651908649    0.9945    0.819790921887    3.04780802111    1.8107146969e-22    0.0    17.824324994    16.5166945113    24.3003654102  
31760113.7661    -9.07654646855    0.502668035326    0.112469469708    0.00608161099965    4.71951682341    2.81756890166    -0.196078512827    0.961132917218    0.465497219414    3.83737693429    0.9719    0.0536828631785    5.44657059759    1.18146412302e-22    0.0    13.818057625    14.7693320679    20.2255256114  
56194430.1844    -9.60266939417    -0.683145519436    0.0491539437872    0.0208505051473    0.801413118691    1.91168337197    0.774039326979    0.49413414809    -0.80914974098    3.97783388753    0.9777    0.991843825129    2.96312517956    3.31467209959e-22    0.0    33.1000209689    33.7022670225    47.2382704022  
35880038.8057    -8.8370353802    1.7210080467    0.0828170705511    0.00184054225634    5.8862027763    4.20443956192    0.478498973875    2.23279697592    -0.540813270568    1.7836641098    0.9697    0.0486769028833    3.94669816604    9.2536532335e-23    0.0    16.0475336774    14.9626655825    21.9409365903  
15603841.4868    -9.52477165815    -0.109501212893    0.151969993198    0.0108326915836    3.93519717443    6.09559178423    -0.159169206969    1.00379204269    -0.18876430078    4.38482069404    0.9827    -0.667527234395    5.21967605337    2.62220624298e-22    0.0    20.0520989436    23.2250106474    30.6836730464  
60103966.264    -9.41778683002    -0.00712155495331    0.157636086286    0.00972596248844    1.12427174098    5.51401551142    -0.59733187463    4.98113627581    0.917120822817    5.330426779    0.9938    -0.750675854589    2.52410273896    2.030411357e-22    0.0    17.9995247646    20.0734149177    26.961544433  
4864651.3622    -9.23601090966    0.45510922973    0.049798308869    0.00667727916805    4.02085906722    1.19947802287    0.4044767697    4.13312099678    -0.504500780475    5.45362380778    0.9935    0.68016079443    2.32256173071    1.46512267519e-22    0.0    15.8949240155    16.9777953516    23.2571310454  
53139989.0751    -9.41821118818    1.20729798195    0.145284322945    0.00292122426748    4.20786903327    3.52281151229    0.522159193453    4.6046984077    0.376667621532    0.950021181523    0.9975    -0.251840041245    2.65807970199    2.03221522126e-22    0.0    40.3144426777    39.2280774618    56.250300886  
55443412.6537    -9.3152243339    0.419875180765    0.0142101174762    0.00706372562911    3.96994845934    1.10456220047    -0.726756302639    5.12626910991    -0.851690981487    6.22506919046    0.9758    -0.333107826691    0.698945273723    1.6668671201e-22    0.0    17.1320767402    17.201444094    24.2775149542  
50690796.003    -9.32954885849    1.60082257795    0.0722385830116    0.0020914906371    1.83190871034    4.4190057406    0.649011170846    1.91777502768    -0.590520517094    3.97297228126    0.987    -0.8419406816    0.679769682702    1.70978188954e-22    0.0    25.5855863353    27.2703887557    37.3938007029  
18531057.7029    -8.89127781745    1.46091450214    0.0369741595758    0.00246181378113    4.86214205261    5.16063579137    0.785969579527    5.42160579892    -0.0410920999916    3.97869940677    0.9819    0.0590316257398    3.51877003092    9.7172885142e-23    0.0    19.45904697    19.862839234    27.8062383543  
19387093.8841    -8.89142102751    1.18192823732    0.0298293179209    0.00326785725731    4.71263927312    0.569206090674    -0.285482505611    3.62767374734    -0.0416915857768    5.49589836468    0.9869    -0.928658373801    2.0547148646    9.71865236131e-23    0.0    17.6995102441    19.195678072    26.1102799588  
27488908.2107    -9.10984053326    1.2787326308    0.0522020448656    0.00292570852777    4.21851444865    3.33305099    0.243087748383    5.99061725146    -0.486521361324    3.62366011889    0.9727    0.508070482188    1.30755972202    1.23065767366e-22    0.0    19.8835855292    19.6785870164    27.9750560403  
51813107.8995    -9.57448636424    1.16315869992    0.0221069205392    0.00334455658015    2.02897805458    4.8324238011    -0.885840685421    1.44411512426    0.142410514464    1.59976038746    0.9944    0.153681619319    0.689969348168    3.02758682773e-22    0.0    63.3680147154    69.5644017139    94.0994754225  
32794500.0336    -9.51163738101    0.150930703227    0.183612714683    0.0080910559048    2.04131317512    4.47808358804    -0.146491562575    3.84919151735    0.282401249824    4.63205227672    0.9845    -0.0495607625713    1.34701704274    2.53211678911e-22    0.0    21.7609267988    24.363578761    32.6668318817  
11046708.439    -9.63009470027    -1.60581590969    0.00220440783951    0.0538900484026    2.89914004155    2.44628767821    0.771096425626    3.89078323815    -0.204549714483    5.81549702775    0.9979    -0.640517743902    2.06478576917    3.64992589581e-22    0.0    18.3660306727    18.3771953732    25.9813854991  
48697019.1224    -9.06485243282    0.876098189162    0.161694206898    0.00400545788961    3.37115657319    1.02441435875    -0.783503534951    0.208135359358    -0.00130367283582    4.44970574075    0.9841    0.306240847838    1.93240117393    1.16521635532e-22    0.0    17.3968684391    15.0393826637    22.9963923778  
46841242.5395    -9.26051529457    0.577509773757    0.0234138772674    0.00600291511779    0.51673021047    3.09081204275    0.763676615481    1.85442617473    0.634449661083    5.31694844818    0.9841    0.981337130477    4.40188435954    1.52204112328e-22    0.0    17.8824482411    18.5578478242    25.7716059058  
3236940.79337    -9.73943524596    -0.0757158691752    0.19299966739    0.010049185588    5.5557093388    2.5781665273    0.53964490669    2.5836404728    0.67302882458    0.364886692319    0.9953    -0.0442757404235    2.04053525742    6.02635912016e-22    0.0    41.0347469425    38.3347820441    56.1551954052  
33457317.9782    -9.32616963471    0.574025231123    0.035322166436    0.00598216896327    3.79064463281    0.473161674192    0.118921531418    1.2455215617    0.449491782989    0.895129057424    0.9917    -0.556878388504    0.862031551002    1.69939685988e-22    0.0    23.6146718262    22.9545879198    32.9327471072  
6799708.19723    -9.13473696189    1.85987659865    0.0198766254656    0.0016683984237    2.29193173276    0.877632400701    -0.251326525753    5.99846097394    -0.259982107514    3.04576968589    0.9894    -0.211622788508    3.54512048273    1.27038275011e-22    0.0    13.8533027339    15.6079262623    20.8691484935  
29590561.7685    -9.11122239543    1.47376127706    0.0477833959797    0.00241414578639    4.41562184347    3.73116397009    0.472568482807    2.28522012624    0.636457221255    1.9741832207    0.9692    0.542795437972    3.45593658619    1.23281374874e-22    0.0    24.797949607    24.9689961356    35.1907526593  
18542246.7085    -8.76165176028    1.5504755787    0.116408146776    0.00212589937136    3.2721013478    5.1564293959    0.931919687516    5.22698073773    0.928553317647    0.9825707556    0.9842    0.694074502852    5.32483380525    8.69074327561e-23    0.0    16.7212224677    17.2018079426    23.9896118624  
62351915.3405    -9.28797469146    0.275582233785    0.0836433633463    0.00780587218844    1.07605356977    2.27266683437    -0.217323555093    4.19707457255    0.726487333095    4.23008826909    0.9694    -0.616496164197    0.893451622372    1.59127041448e-22    0.0    21.7487950948    23.4292767215    31.9678134342  
45288573.3841    -8.95132756785    0.734726884342    0.139429777531    0.00471109612831    2.23434170866    3.97881547663    0.0571282329836    1.37212036617    0.325836450127    5.09400579077    0.9862    -0.934387079349    1.53762176876    1.02990684234e-22    0.0    15.6823323053    14.947150149    21.6645527097  
50006937.0775    -9.28335427377    1.33064197089    0.134988687339    0.00260645772827    4.68877509278    0.301854387269    0.887823734034    2.51492305135    -0.997810066074    4.74742532561    0.9672    0.855831447729    2.1767200002    1.57915710667e-22    0.0    33.5940760592    33.019658044    47.1047743186  
25294107.1967    -9.28054996494    1.01776186347    0.13996871491    0.00354804867531    0.65841931606    4.5375805874    0.216323529345    2.04235053533    0.275102511853    3.26091154672    0.998    0.229370432993    0.926782097198    1.5718561635e-22    0.0    25.5103076722    26.8141208983    37.0104428111  
63018165.2212    -9.13949778572    0.988422745819    0.195165510256    0.00345915880901    3.98077510109    1.68161533228    0.469395807766    2.83668293358    0.0828014182336    0.285361803935    0.988    0.388912876608    6.19439461409    1.27829681693e-22    0.0    23.0119228477    22.0205543217    31.8504851734  
31610440.7647    -9.08803013861    0.926372947838    0.169963855855    0.00377814992109    4.13627567146    4.59333633461    0.90616125491    1.41765611509    0.803883732093    0.282080602204    0.9848    -0.431390303451    3.71717153045    1.1980248467e-22    0.0    18.7166901685    18.3516128152    26.2125196  
54205934.8467    -9.14156480375    0.993033224558    0.178078928904    0.00350562957366    4.9948899472    3.14647589662    -0.18875283161    6.06389560854    0.803348098769    0.149778126325    0.9942    0.451046181189    0.8791444112    1.28186359974e-22    0.0    18.1119182821    16.426126984    24.4511601269  
32278182.4766    -9.32633555933    1.31529170645    0.0138025464779    0.00288572469843    3.43541937544    2.97102633054    -0.499478541598    4.95997402359    0.776817607451    0.529434592025    0.998    -0.763640484738    4.49689194728    1.6998159629e-22    0.0    40.8500012363    41.0874526523    57.9387725661  
7636037.29472    -9.41742323772    0.0597867465301    0.0264201275687    0.0100568362529    6.2386094679    6.15453093301    0.072224612299    4.81717498727    -0.779021490952    4.17147834273    0.9725    -0.014024557407    1.89397430162    2.0286977249e-22    0.0    20.7646091477    20.2710829564    29.0187146042  
40714342.3358    -9.07074661125    1.92755108544    0.156436778746    0.00140674050742    4.62639266342    2.96575965379    0.969937969638    0.355990960132    -0.0175027794271    1.94151712763    0.969    0.721250959813    3.6760707487    1.17340757009e-22    0.0    15.0914280654    15.4804511939    21.6193332511  
19274995.1773    -9.19700985647    0.652067620307    0.0268307760549    0.00556076345721    5.49812583014    5.68028542667    -0.0876272100205    3.82373352064    0.639306712609    0.0226902542049    0.9685    0.360126338943    6.11195133837    1.38309730591e-22    0.0    19.3758030107    21.1325728375    28.6706710253  
42918359.6741    -9.18392451971    0.368579997083    0.147309224141    0.00674530874151    5.75036067969    6.02869265804    -0.218652409026    1.22124242088    -0.630970609621    2.36605803742    0.9768    -0.498181149845    4.44511114842    1.35765993041e-22    0.0    16.6696147399    16.7931290294    23.6618942221  
53011471.4313    -9.03841843513    1.71557498319    0.127600587697    0.0017852516675    2.39599714229    0.812433730462    0.941361569309    4.37980113609    0.564144137545    4.70548780375    0.9928    0.0517139717954    3.37071725411    1.13022384281e-22    0.0    15.2830488158    17.1939189493    23.0044002299  
51521968.3166    -9.63009470027    1.18975265171    0.093940967915    0.00310477164392    2.30650197088    4.86144089429    -0.248765367005    2.12817145917    -0.0127033315144    3.45090818712    0.9908    0.785706018804    4.32699799994    3.65096938769e-22    0.0    78.986319431    79.4658427851    112.043111465  
56470377.8693    -8.97133245852    1.29174981798    0.142996932596    0.0026902989761    2.20345609036    4.26813803137    -0.292830562899    3.85167802148    0.87357314745    4.59588250124    0.9825    0.0892800038082    2.96619533351    1.05116809492e-22    0.0    19.5839993446    19.8666337869    27.8965260983  
32466110.1343    -8.74521474304    1.16764434081    0.157491881507    0.00300468087284    3.04850092271    3.58830135774    0.497428473164    2.28816115405    0.147654470463    3.11272970025    0.9678    -0.495941636921    3.20676406269    8.57920452377e-23    0.0    16.3664249431    16.0172322741    22.9000348283  
27849304.2037    -9.23227824455    0.40795476429    0.0710107158402    0.00690060896806    3.55161350412    1.22218898131    -0.361559294174    3.08221717484    0.416412927879    1.39148468449    0.9749    -0.797536445553    4.00200649785    1.45678488031e-22    0.0    18.3406512232    17.022501988    25.0228907448  
15464535.5582    -9.28733612183    0.899300329574    0.0836460268105    0.00418353352632    3.12802195489    4.1093013435    0.24622839967    3.09907770727    -0.593341473584    6.03948502219    0.9668    0.836812865465    2.27682404707    1.58969811187e-22    0.0    21.9667732834    19.1917894446    29.1695716556  
54867087.4978    -9.12886302929    -0.175721412198    0.0427967988253    0.0126033587735    5.33441275681    5.90390614762    0.103440129223    1.41026302251    0.471151963187    4.93481524171    0.9962    0.498836515866    3.18395268462    1.2607479236e-22    0.0    15.7096549827    14.926214316    21.6699130935  
47960233.2821    -8.55626933527    1.53734267838    0.118446150733    0.00215032552649    5.17438142133    2.60075300247    0.702512762265    0.487418597869    0.943320231032    3.57379663498    0.998    0.545891869387    0.725073666924    7.51312538791e-23    0.0    14.7408398107    15.0179643589    21.0435646174  
39117330.238    -9.27585846165    1.12422762788    0.155520158834    0.00314393142307    3.96375108401    0.431834952949    0.81242586136    1.55935654924    0.941041628233    5.37125104406    0.9842    -0.858472932476    1.1364941504    1.56002472689e-22    0.0    20.8761672477    18.7559956942    28.0642429692  
35936015.4301    -8.97892403139    1.04100525929    0.0533809453665    0.00370801824442    5.51323643267    2.1071799673    0.142763470573    2.03654041531    0.833601629337    0.0326851149008    0.9778    0.600697170528    1.93065742219    1.05946484336e-22    0.0    18.6547974648    18.4492880992    26.2369529447  
47076620.9948    -9.17990306657    0.752067473549    0.0485175656358    0.00496578668938    3.79188324875    5.33437208369    0.662203189639    3.63334912621    -0.998622576991    4.86516816242    0.9708    0.593422129851    2.26941938623    1.35003037657e-22    0.0    18.2233779317    16.0418197466    24.2782100663  
6283061.48741    -9.34087742073    0.339881085744    0.0662327012345    0.00741131000435    3.03404254387    3.44621912858    -0.908623678566    1.31726989263    0.563731228883    4.63424655097    0.9969    0.455713213422    6.10673778842    1.74508379952e-22    0.0    17.0707143358    18.2995914241    25.0256735019  
52055134.4385    -9.01072693793    0.680162942955    0.142328835613    0.00496220385991    0.166936380732    0.787766841868    0.0597728645068    2.90703995886    -0.220769798548    5.98540163308    0.9796    -0.475121278605    4.00529957164    1.09602771897e-22    0.0    16.0822272736    15.8015330687    22.5460968108  
61836093.7752    -8.92803137999    1.43958825973    0.0833753196891    0.00243773245476    5.31216107816    5.70402560463    0.470081917813    1.92902983206    -0.109483760197    1.56899371616    0.9681    0.986376508546    3.81511158229    1.00636024798e-22    0.0    21.2453235595    21.3204369394    30.098584758  
26062819.018    -9.04024499548    0.434201886664    0.11461973905    0.00650101181152    6.0199588026    1.92325165816    -0.230142823312    3.59803761886    0.557354701144    4.96746215433    0.9932    -0.755301605306    0.316827572798    1.13256567159e-22    0.0    14.5438696263    13.8408099547    20.0771552744  
23234911.3895    -8.83561218183    1.72933900035    0.0722151040512    0.00183928551739    3.51225583614    6.0975784306    0.106951989949    0.533184282607    0.642300755248    0.504897259926    0.9685    0.161351854123    2.53333512974    9.24192530083e-23    0.0    15.5197365432    15.2695622788    21.7720406613  
29176680.5791    -9.4293081864    -1.09164756466    0.0470328516773    0.0314132813017    3.74623105122    1.52861283592    0.575044470854    1.63320948919    0.398514244987    6.14897883797    0.9738    0.437315865921    6.22068545186    2.08111487931e-22    0.0    16.4054777244    16.2358493327    23.0812153692  
28707628.6938    -8.88895352398    1.0370302949    0.0763875626538    0.00366458414554    0.773370605028    4.66500131294    0.769562247355    2.53913078802    0.210118659173    5.93248285153    0.9888    0.791891966976    0.826840094804    9.69626881301e-23    0.0    15.133177651    14.7399540856    21.1253239564  
19020504.9478    -9.24611841883    1.39550884695    0.145444950225    0.00241970049585    2.08314155058    2.1617353164    0.675847825624    4.90037738573    0.913902634497    5.14051291784    0.9861    0.211904533507    4.71748997653    1.48793687386e-22    0.0    32.683074009    33.1965977594    46.5853778505  
62259752.5304    -9.18061999814    0.562308305851    0.17648509783    0.00540174837418    0.7334384807    4.15909632883    -0.344196423272    0.819942342594    -0.115445685219    0.0223078169791    0.9853    -0.629678394374    5.09452729011    1.35143089928e-22    0.0    15.6550341143    17.5356550163    23.5070051255  
13842588.7278    -9.28717654312    0.0617794514558    0.171956084497    0.00895160637805    2.87620049176    0.835991969389    0.785319069399    5.01217007268    -0.720347836358    0.330108978599    0.9823    -0.865671799516    1.2727701525    1.58936198601e-22    0.0    16.6305327186    16.5371857369    23.45321152  
61015583.4317    -9.34026025798    0.601611398044    0.0603865013376    0.00572735849476    5.05985863241    3.73766356958    -0.39593537434    3.52686107565    0.309432634974    0.0828750223089    0.9927    0.63581491264    3.86156768389    1.7431287358e-22    0.0    29.5487612178    28.1703874793    40.8252375406  
33749752.0994    -9.09388756673    1.39622959993    0.0833580325845    0.00254578667623    2.97698994008    0.307268407422    -0.0255969380571    1.28128829082    0.191015239943    1.50759574836    0.9943    -0.821602293242    1.36392982629    1.20650958779e-22    0.0    19.3540605704    17.8417574997    26.3231451624  
16101617.2565    -9.44525315062    -0.0104107320815    0.12757890129    0.0100298329808    5.98140296468    6.03790299283    -0.514187056686    4.45358480498    0.921992944473    4.07405445821    0.9901    -0.393425686913    1.09106449543    2.15574032907e-22    0.0    16.4158453727    12.5593796257    20.6692524268  
6032940.41323    -9.20139369203    1.47154873102    0.00428500423945    0.00248065282668    0.258190999761    2.82689387726    -0.154044272077    3.93276544424    0.0794126215435    4.60344036512    0.9888    -0.544156603325    4.30133450094    1.39172939772e-22    0.0    14.3666761135    14.9135169626    20.7078335599  
30462260.0178    -9.03155720296    1.88223562082    0.0104237431489    0.00163990376374    6.02692699514    0.385019298645    0.338809151774    1.74417339915    -0.501994769976    2.80168266323    0.984    -0.206279634486    0.0280430631322    1.12156956713e-22    0.0    23.1475218254    23.0319896405    32.6539479  
62459135.7799    -9.41772622212    0.945288247406    0.0292799783901    0.00414165400631    5.06969742645    1.1666933066    0.683276134808    0.739738710465    -0.260368332079    4.09338654566    0.9747    0.314906892603    4.51394427246    2.03001237773e-22    0.0    40.5118023923    39.0652750289    56.2787868221  
36319602.7223    -9.22540433073    0.925772310248    0.137582303975    0.00389830102678    4.94034367251    5.58985984024    -0.178534819438    0.0501124163538    0.515504519346    4.54545471349    0.9925    0.966306977626    4.69262238872    1.44177422809e-22    0.0    27.0615576849    26.8187264735    38.0995012302  
58861891.795    -9.03151601255    0.415990624001    0.0786804766949    0.00680801365386    2.95587039166    3.53302817178    -0.394945975659    0.900526927269    0.980145967166    2.88574666906    0.9755    -0.295204472198    4.42017655196    1.12151832079e-22    0.0    13.8846522247    15.943438451    21.1418257735  
52377698.185    -8.79509905256    1.1674958693    0.0180990628785    0.0033375244585    5.91606000054    0.487707826051    -0.14439081905    0.813839869409    0.849267496533    4.13533173205    0.9723    -0.779311062582    0.674124800867    8.93007763957e-23    0.0    14.3472235928    15.5154595318    21.1322575534  
55139586.2696    -9.09524754413    2.26593756321    0.13966135802    0.00101867260143    5.01307673386    3.63147452216    -0.721091775227    5.348472687    0.314468148648    2.40880235225    0.9943    0.564258902619    4.31551253116    1.20863718301e-22    0.0    14.5076593514    14.8841709203    20.7848676647  
25398806.7602    -9.74286894139    -1.24471813868    0.0304440750289    0.0369816158736    0.652960218984    5.13837341336    0.625293425573    0.593328438012    0.452080414197    2.99528868329    0.9809    0.546742403462    4.50532440875    6.14877189541e-22    0.0    46.3206670377    48.3016040314    66.9227102471  
47165792.1367    -9.13272957037    0.494378703439    0.13834608071    0.00599692643559    5.66360018184    4.76098310575    0.940940603954    2.80667698095    0.737118506869    6.24580093351    0.9832    0.762612409983    4.53994178484    1.26715917279e-22    0.0    14.5984765214    15.0752057166    20.9851696239  
26008014.6551    -9.5620865999    1.09519824451    0.00150515907506    0.0036193157012    1.88742051322    4.79237911054    0.536525898064    6.03870004759    0.414229709262    3.56917690721    0.9869    0.802525147787    3.74578403447    2.91513367881e-22    0.0    56.9721446178    59.2950507044    82.2297288114  
22240201.7582    -9.09029909848    1.20847324695    0.065631001196    0.00311064146804    4.48874182701    0.0499995407133    -0.459889708815    2.02603242044    -0.829495436584    1.75039150352    0.9825    -0.189969791485    4.77695895778    1.20126038474e-22    0.0    20.0676055242    18.8008946086    27.498771419  
62633914.4823    -8.91467620473    1.94293354277    0.197948041499    0.00132777181377    2.70845976012    2.88121164114    0.433435919585    2.70996944542    -0.0576716557489    4.46708624049    0.984    -0.636968800661    3.25378064842    9.93431694084e-23    0.0    20.2386030848    19.2368393249    27.92233948  
19461491.7079    -8.94394187004    1.31223265118    0.0649666658116    0.00280534170201    2.11424794111    3.12594723692    0.765469917229    0.87892557355    0.575075413912    2.81421065224    0.9962    -0.584112770081    0.849065061759    1.02230219107e-22    0.0    16.3377282594    15.0507440655    22.2136503439  
38076988.0079    -9.28324830789    0.356524183925    0.146663648481    0.00683120950705    3.37028557168    4.67628317021    0.62865080696    2.57748590382    0.62855686703    4.85853553206    0.9903    0.414525124628    1.13256840953    1.5788551465e-22    0.0    20.9861740795    20.1415276319    29.0878090931  
44758368.8298    -8.94375320859    1.70892646564    0.116976975134    0.00181351764752    5.54462676667    0.550043392859    -0.191798422035    6.02233007125    -0.767866257807    1.58120001404    0.9786    -0.813573654656    2.29301879165    1.02209957673e-22    0.0    14.8303784379    14.1598187151    20.5046480256  
53769624.5028    -8.93578653611    0.77835945421    0.172072357397    0.00437163106953    4.32624523275    2.11367215806    -0.774704739425    2.04881821944    0.769013415531    4.77631601507    0.974    -0.910906383884    1.35230028154    1.01410247262e-22    0.0    16.7907711303    15.6410339693    22.9471553526  
44541073.4288    -9.10256164089    1.66202366886    0.00641991310819    0.00204817056793    4.46051756006    5.62957257794    -0.0618601320649    3.99735742497    0.840603434815    3.68409026987    0.9711    -0.184662271896    6.20123712956    1.2195168538e-22    0.0    18.1200219301    21.1208260419    27.8284833838  
49976048.9906    -9.40975805247    1.16900864027    0.104023664963    0.00314489379371    3.19109617263    5.75961347303    -0.997918788187    0.157359231448    0.39943120772    6.14781733617    0.9832    -0.209959359316    4.54941211563    1.99621369757e-22    0.0    35.4498823066    35.4181029426    50.1112379772  
39874237.1091    -9.23793311168    2.34752378372    0.144551353212    0.000934682939446    5.18461054635    1.60334463444    -0.781181716727    3.81434139617    -0.41596496874    4.13980139545    0.9928    -0.238352357559    2.8418313932    1.46926535057e-22    0.0    13.6132037168    15.9985814219    21.0065209625  
39711218.0374    -8.92970408737    0.609445435881    0.133990982705    0.00536596403321    2.64597017519    0.854072779164    -0.59176186721    1.00742356663    0.844427937674    2.12047610825    0.9682    -0.0808150496242    1.96261669608    1.00804020122e-22    0.0    15.338881647    15.2276792215    21.6139655004  
46695038.7971    -9.33745976326    0.873353831622    0.133320473955    0.00412374755583    0.22026322878    2.68215717559    -0.524183934612    1.75038520332    0.776943537045    1.03039922381    0.9717    0.729982352607    0.712760017715    1.7342694672e-22    0.0    28.0876461224    28.5830122145    40.0737376838  
61750213.9429    -9.2548346348    0.80631092904    0.187512274993    0.00418411223918    1.94334869238    1.16259128863    -0.0355764963806    2.46247389495    0.041983983123    6.24282211382    0.9791    0.850576360434    5.40563649703    1.50832641286e-22    0.0    24.1955818523    26.0420402076    35.5473492591  
8678492.92851    -8.71103481646    1.29438818813    0.069195780394    0.00284751467687    2.84836769698    3.41999537075    0.833102897318    3.29633720778    0.939132454255    4.37302041847    0.9668    -0.725159555643    0.21542651634    8.35772480075e-23    0.0    15.7269160967    16.2311723537    22.6005939278  
42583626.1885    -8.88439218758    1.40148568133    0.0615136178498    0.00257183833041    2.54829931871    5.63741951303    -0.345150072224    2.22489617298    0.495053431779    4.30306978103    0.9941    -0.443505638338    3.09489532517    9.65521094249e-23    0.0    16.1164518741    16.6927453024    23.2031844095  
27764358.3418    -8.80595344363    1.68692682515    0.00785871526115    0.00199629970941    2.83521888073    2.03556267707    0.203302889602    0.540582706393    0.13557750559    1.59125661206    0.9779    -0.864719342205    2.40539526148    9.01088380101e-23    0.0    15.4964326408    15.1030973751    21.6389226837  
46754348.7092    -9.17105555607    -0.432975386665    0.0544591579895    0.016179964307    0.386579834604    4.53346846381    -0.427109519124    2.09112259247    0.917757423555    5.71388751944    0.9762    -0.193400667282    5.87814965132    1.33369639397e-22    0.0    15.3086471271    15.492748897    21.7802650408  
15762337.5688    -9.3111301065    2.20524923611    0.103014984303    0.00111666178873    2.91426206995    6.0535213223    0.138198019835    5.48934620339    -0.685145676234    1.24241431092    0.9705    0.203307039898    3.93926905157    1.65522420345e-22    0.0    25.564854786    25.4184014859    36.0507549759  
60856666.175    -8.96114561321    1.42282238067    0.199487442637    0.00222985383578    2.18947341071    1.22958611311    0.37775056544    4.72483134087    -0.0833070117717    0.782734291819    0.9835    -0.652575753537    3.7054158216    1.04015848006e-22    0.0    19.6894085645    17.0750940492    26.0620729492  
56346509.5326    -8.97339011235    0.521780035627    0.045656858432    0.00626308219306    0.539094375962    6.23934950258    0.179072278046    5.09408811078    0.864470629533    4.13953340574    0.9912    -0.598893913218    2.21251147159    1.05338673069e-22    0.0    17.3382813999    17.2940059502    24.4887452457  
18179829.4979    -9.63204518851    1.72637681672    0.078284530361    0.00183675592722    3.93901405825    1.22243878    -0.740505734174    3.48627723903    0.206695513563    4.10816829926    0.9862    0.690369469146    5.23575965046    3.67728694803e-22    0.0    69.117337457    71.0324195931    99.1100951993  
31740754.3479    -9.19589261933    1.14916168648    0.00477096474099    0.00342348689347    2.76289377696    2.68893383596    0.0418636880794    5.71612672641    -0.444309783168    6.1673486142    0.9865    -0.209191274877    5.2509942198    1.38084158323e-22    0.0    22.0579004016    22.9398195783    31.8243034867  
23107667.3482    -8.89940151418    0.792179142232    0.0460486826386    0.00477802052869    4.36176548158    2.05888031319    -0.613782791087    3.14305756546    0.314183354093    0.412520543665    0.9839    -0.829286542505    0.708707232364    9.79098484865e-23    0.0    15.9605658995    16.4472351396    22.9183596178  
13932430.8737    -9.30120998178    0.67404915809    0.171108498848    0.0048569640061    0.473295983769    0.498433305406    0.132757552012    3.67540841959    0.865474266583    6.05106400545    0.8768    -0.755048641529    0.0207049314055    1.62723448922e-22    0.0    19.9514020068    20.6624039937    28.7226980076  
62761604.0681    -9.03812815335    2.15220514009    0.196326999045    0.00107895030258    0.00396168755534    0.669510420319    0.737895350402    1.17438474931    -0.813708379787    2.92237329133    0.9735    -0.0668316177281    4.19641931071    1.1298879003e-22    0.0    18.9504947611    18.8916131007    26.7584434756  
57866388.0502    -8.9046123094    0.786277571487    0.0891488857169    0.00466490533961    2.78453627347    3.63424527243    -0.577979109873    4.91037956339    -0.595593007165    0.0647349334524    0.9672    -0.780817322346    1.14959758642    9.83964318826e-23    0.0    15.0212700637    15.6151377756    21.6672813725  
4617111.93857    -9.58747263308    0.430844848028    0.110158407211    0.00654687901016    1.56822957009    3.55840341619    -0.593812430717    0.430499531151    0.711756961255    2.40092989177    0.998    -0.587134033035    0.462022609267    3.1541836794e-22    0.0    45.1815785677    45.1864690019    63.8998593326  
39849838.5331    -9.13263842098    1.00978839664    0.0412781462427    0.00385508953454    0.365835303747    0.933436300253    0.492785449516    0.0556718407406    -0.78772282246    3.24431275934    0.9808    -0.0246663183138    2.35958702893    1.26701473134e-22    0.0    17.6166685046    15.2857910188    23.3238593777  
14388678.3073    -9.40006492327    0.121354694772    0.187199567158    0.00830269455153    6.18588660887    5.69867898662    0.673909980162    4.17325483488    0.390796114087    0.266582497473    0.9882    0.439104510036    2.58396250307    1.95666919151e-22    0.0    21.6102286071    21.0316083889    30.1551078902  
40067039.0255    -8.98822898064    1.02732539836    0.11977467087    0.00357696999061    5.80429926019    2.22655240463    -0.880273501333    0.212579143164    0.944508897884    3.90774410905    0.9692    -0.803084452299    4.74875628291    1.06984005736e-22    0.0    18.4338593718    18.5468490122    26.1494317266  
36053429.9723    -9.14280706851    1.47878770696    0.00771552802557    0.00245839621774    2.55551529049    1.37117696412    0.628324082034    6.19036485567    -0.120410790428    3.04439365787    0.9757    -0.716977500198    4.99252506419    1.2838776395e-22    0.0    22.9251258669    19.7224081294    30.2412760715  
20339113.7032    -9.22855946042    0.91570942527    0.00432405080259    0.00432469262414    5.34505265077    1.49422482021    0.15770987351    2.99181264432    0.0910699695378    1.00003743649    0.9724    0.464991939931    0.763844100382    1.44866829076e-22    0.0    23.2542990923    22.0273586886    32.0307189596  
38532312.3677    -9.12949884383    0.336658731976    0.0615443144712    0.00745904334936    3.68336318604    2.23816015191    -0.344236803165    4.6620726845    -0.624119167445    5.41064434146    0.9762    -0.932188869669    5.27565785216    1.26181808316e-22    0.0    15.3983127586    14.1129973507    20.8874299527  
53155376.6977    -9.19871239853    0.987693794367    0.0582148125274    0.00389862739334    2.40921723663    0.202788849512    0.109593013196    0.696138562923    0.326309122453    0.180409833317    0.9707    0.0887521268956    5.22493837457    1.38647052583e-22    0.0    27.9633299936    29.5705330447    40.6984551166  
53395443.0896    -8.8337177293    1.33403752434    0.181981070324    0.00248270104866    1.20015797522    3.88228615301    -0.215617290724    3.46412865943    -0.262491820875    3.96110579817    0.9913    -0.99302768719    0.527692846951    9.22698702697e-23    0.0    18.3412502893    18.4119142938    25.9884599416  
45796324.1156    -9.14774535015    0.87701936922    0.0941227734013    0.00424411605654    0.765119946912    2.88884314832    -0.586959035717    2.55098546535    0.344866284755    4.53469544786    0.9684    0.678237420615    3.02356354532    1.29226974445e-22    0.0    25.5867303408    25.5475287706    36.1573919942  
11446000.1168    -9.53944882588    0.637516768136    0.0720128162938    0.00548129937133    5.02316982661    0.912360023314    -0.235177333468    2.53689246087    0.124373423796    3.5933127261    0.9822    0.5192364988    5.03560602453    2.73043821595e-22    0.0    27.7780174045    27.5280555737    39.1076986614  
29316590.4014    -9.04825471666    0.486750153426    0.0806402092285    0.00633389275673    4.48781456179    2.02764101049    0.690841095854    1.8519885679    0.757252663281    3.17343981842    0.998    0.489245883869    4.95037444156    1.14298665755e-22    0.0    14.8950190175    15.4048759035    21.428294219  
46930932.3824    -9.31807287048    1.86143827303    0.0103978943777    0.00167438945501    3.14669629478    1.21268761595    -0.0402478904527    5.31694536285    -0.613988371637    2.55354252561    0.9816    -0.97720707676    3.31130808253    1.67527693804e-22    0.0    33.9830274504    34.891162028    48.7056397388  
32209505.8654    -9.04236632814    0.575071088279    0.12299112672    0.0056071126396    6.1332504384    4.51843613373    -0.117247564678    2.60101151479    -0.00460365694356    6.28040476734    0.9766    0.00397703159709    1.53250055555    1.13533491001e-22    0.0    15.4504155312    16.2363972074    22.4128519909  
