tPlunge     logmu     logM     ePlunge     nuPlunge     gamPlunge     phiPlunge     costhetaSky     phiSky     cosLambda     alpPlunge     SMBHspin     costhetaSpin     phiSpin     Zeta     SMBHQuad      SNRI     SNRII     SNR_tot   
58049446.604    -9.37020670615    0.127726543936    0.143037873274    0.00861614814309    6.03667378958    4.02478604231    0.377296633967    0.266749419784    -0.62333752635    3.23257531997    0.985    0.0937363576127    2.13691601101    1.84385619988e-22    0.0    17.728304973    15.8844840651    23.8035634145  
45463094.5366    -9.1796164378    1.57944266772    0.0847309598678    0.00211744518563    6.15130702183    5.64748541164    0.173434332446    3.69550363354    0.654934791564    0.215306164462    0.9792    0.997053155417    0.826716373428    1.349526073e-22    0.0    21.9082285935    22.4034289169    31.3350300357  
41456483.6355    -9.09406294379    0.942214701039    0.178354600156    0.00368734364866    0.66912979077    4.08981330527    0.654626455552    4.30083121031    -0.674216774191    2.62218146641    0.9763    -0.233867280872    2.47006098325    1.20676486132e-22    0.0    19.0085750606    19.0043992334    26.8792320586  
37219779.335    -9.22560436073    0.424990281026    0.1927325521    0.00609257891083    5.53905051861    5.83749482875    -0.892940759585    1.14116716149    -0.493408090296    0.705126172321    0.9702    -0.613330718466    2.17780110297    1.44211589786e-22    0.0    14.6120376156    14.3692603191    20.493591325  
10114836.9114    -9.24964702204    1.02886257457    0.0727421541885    0.00370425108793    4.58428352184    3.82704983025    -0.629767222242    0.0389772041562    0.744306842391    0.0583359230041    0.9752    0.0641848183441    5.92365773407    1.49625688445e-22    0.0    20.2858607939    21.7697763646    29.756332286  
43346469.6055    -9.53514568752    0.861486524372    0.131265917893    0.00418055279845    1.80688942028    4.83176273238    -0.833670456384    6.12468832933    0.194155335213    0.309668415672    0.8191    0.866911782297    1.58872776953    2.69774922306e-22    0.0    37.1013707917    39.5531261919    54.2306325445  
18465667.5193    -8.46705163066    1.90724550583    0.1675889815    0.00142009505848    1.54560456105    3.66396397841    -0.483928086516    2.97437023568    0.96124865179    5.24128399879    0.9853    -0.539199371386    2.68098121173    7.11956533031e-23    0.0    15.09598695    14.9499493924    21.2459362898  
15670025.1828    -9.09792904122    1.21327726372    0.0565613925153    0.00311471565181    1.74631935276    2.00058464051    0.457895392287    3.57636376963    0.636534349273    4.95765922962    0.9709    0.66039315967    5.29631592287    1.21251243204e-22    0.0    16.581459349    15.610500866    22.7735050317  
30217830.7273    -9.19662111065    0.340686344529    0.117302586962    0.00712233645894    1.53272536893    4.53740708062    -0.774423470338    6.22320168083    -0.667840531936    5.31163858743    0.9974    0.0690178800116    2.66754489562    1.38237287328e-22    0.0    15.7884113512    15.1404603338    21.8748136475  
51210373.357    -8.70106968603    1.72112122039    0.115231466884    0.00179414786606    5.12467643538    4.71454528812    -0.42433247572    3.10999840656    0.794507624905    1.1700019589    0.9832    -0.623200954434    2.73847110665    8.29588961377e-23    0.0    17.9749772611    17.8429252443    25.3272538743  
46616395.7622    -8.86085011442    1.49019091262    0.118408386254    0.00225421720935    3.30862648541    5.57119498535    0.661817595555    0.198582853956    -0.717985393093    3.57148217846    0.9797    0.218322528711    6.04175481842    9.45038814084e-23    0.0    15.9822554252    16.0145923144    22.6251995676  
25684503.4424    -9.25139034403    0.511340191759    0.0446163265281    0.0063329490421    0.279662235328    1.55721614532    -0.614238594484    1.35203202026    0.502161381095    2.13074383646    0.9878    -0.445163916328    6.04618300025    1.50025924154e-22    0.0    19.2179115829    18.2545009324    26.5057527699  
59990116.2617    -8.78436121531    1.04537454668    0.0894250757235    0.00359938100807    0.220586116555    5.86752973757    0.547707782983    2.25479379918    0.643679328835    5.71063979268    0.9781    -0.407485457498    2.57167829213    8.85154571689e-23    0.0    15.1463948694    14.7961874074    21.1740510846  
46832065.6274    -9.37728248095    0.704586348725    0.116254574527    0.00495408469491    5.63693375998    2.38782766429    0.203266991566    4.36436902255    -0.855338395577    0.271877678453    0.9928    0.601521016972    2.37146379423    1.86948838388e-22    0.0    21.9139692817    22.5833724245    31.4679322445  
42302264.837    -9.14193272134    0.630698930349    0.176347072371    0.00504537824757    2.9635527307    4.41292698202    0.448661958472    1.20367617722    -0.918355010415    4.16056341966    0.9932    0.702646875764    1.48011237307    1.2824503892e-22    0.0    16.5871045123    16.642703729    23.497055635  
12834893.9995    -9.35660261609    0.325537441445    0.0871729850531    0.00740602682612    3.58171016884    4.6857717367    -0.293927219105    2.72930417857    -0.338200134009    3.61532353619    0.9789    -0.0657828849036    4.73150488097    1.79654103986e-22    0.0    21.0849532081    19.9055949283    28.9966887978  
52087850.4502    -9.11753184695    0.67098764188    0.0454829255947    0.00539554878053    1.72029285318    5.76507061882    0.515468540236    0.385163547596    -0.471775761622    3.59795923111    0.9875    0.134881880651    1.27154269295    1.242594983e-22    0.0    20.5081924741    21.1528159441    29.4623078003  
21114835.3684    -9.24489399135    0.816251572488    0.0508712963541    0.00465005093526    2.87945121076    0.30208186    -0.700447181428    1.03046996797    0.531098357414    2.38280852036    0.9768    0.494714917353    5.22323493664    1.4852335064e-22    0.0    18.2536478981    20.8489922638    27.7105781247  
13249142.1583    -9.38763799253    -0.329037978185    0.0907393689112    0.0142133026807    4.39815912109    3.64230163691    -0.450810600359    2.72880290718    -0.542242430959    4.15412020976    0.9813    -0.74582771902    2.716092711    1.90810671896e-22    0.0    14.8095833915    14.0973563054    20.4464963999  
61443831.1137    -9.26659307749    0.961950422606    0.0526644753474    0.0040149251594    2.31062134726    1.84215007638    -0.367416072331    4.59099197577    -0.676208354719    1.25458141639    0.9679    0.728115383585    3.71067767142    1.53684238453e-22    0.0    26.9870497447    26.1649798957    37.5886555608  
31635630.0656    -8.86506094001    1.60755657994    0.166209691047    0.00191894668641    5.8008367141    3.8870344955    -0.582346750433    4.28783146857    0.855593520672    4.8277554512    0.9887    -0.35847887617    3.51361629471    9.48614284736e-23    0.0    16.027197073    16.9145668858    23.301794329  
59434517.5608    -8.71181239822    1.02743176962    0.050788328519    0.00376501352473    1.64731623285    0.605082068077    0.253226871208    0.571304466289    -0.887874081668    4.91430142369    0.9672    -0.486515183702    3.38507776119    8.3624934232e-23    0.0    14.6443491555    14.4708591301    20.5879267084  
20914584.2294    -8.70948146449    1.8356674859    0.103475821431    0.00161536091855    1.45715891011    2.37310141343    -0.593825658967    4.52122148245    -0.800904162604    5.1931697278    0.998    0.292877784794    1.16925511513    8.34787824227e-23    0.0    14.6430820029    14.1080074987    20.3336107499  
15276649.1588    -9.26108513943    0.488520661324    0.192387275709    0.00571966617992    1.26181614367    3.16246727576    -0.96201402298    6.05678707354    0.784504276117    3.26074588905    0.9684    -0.894856971591    4.28547066847    1.52330685832e-22    0.0    15.5016723897    15.8271810652    22.1540404294  
46168854.4375    -9.11950893139    0.816606261896    0.0676317903674    0.00459659384861    2.15296395237    0.768843440515    0.187199562654    1.12876277436    0.664179945656    0.364778621071    0.968    -0.673415715951    2.63890523216    1.24573103474e-22    0.0    15.9369764652    15.9779561351    22.5672838664  
43770957.465    -9.17594530922    0.713427406682    0.192314030908    0.00456802983609    4.03066893374    0.0327101330231    0.586581305028    2.10918851744    0.792621322369    4.27077964247    0.9977    -0.934653656586    2.4742445049    1.34269729545e-22    0.0    15.467929951    15.3808075006    21.8134384346  
38521390.5137    -9.62904601103    2.10469736435    0.174857593325    0.00115718158855    0.766127555017    3.95851476737    -0.455919321417    6.01006523447    0.340826906068    2.47654429315    0.988    0.214813113424    1.35599536823    3.63670911715e-22    0.0    73.9607253523    74.5537905022    105.016458581  
42636375.0463    -9.05599137385    1.74267219528    0.0379695823806    0.00185621053867    1.1812889259    1.64590018138    -0.673735694054    5.29476964956    -0.534405029136    1.76125860461    0.9747    0.124652619402    0.886737227744    1.15322544235e-22    0.0    18.2676699865    17.5734794411    25.3482730458  
20498924.3683    -9.01201871915    0.539564763606    0.0448634057949    0.00615574926848    4.20466443267    3.78833417778    -0.760968763266    2.76129339496    0.607807265435    1.9428957522    0.9686    0.26374086463    0.815999032451    1.09755373141e-22    0.0    15.6160251289    15.076633296    21.706338069  
26164192.6567    -9.32357373698    0.214885010746    0.181311099844    0.00760794445155    5.33395703753    1.78478836227    -0.0214959403811    4.44086566084    -0.72463436437    3.42560015148    0.9817    -0.366400044486    0.958454482468    1.69158842288e-22    0.0    18.3022653201    18.0540404794    25.7083895543  
34120292.8872    -9.09766496833    0.717564507571    0.15480946654    0.00472474711249    0.893195646334    5.9018239801    0.0797812212213    1.09902527348    -0.0121033776781    4.52793066252    0.9817    -0.79290561136    4.84838720673    1.21222426219e-22    0.0    15.1710652758    15.7457899646    21.8652949491  
28861893.7036    -8.91963589454    1.1267731247    0.0666290304057    0.00337313293323    0.833539649698    0.2338038366    0.98675598738    1.72390680903    0.0921653431654    5.98315455098    0.9957    0.0036726734741    3.16053886957    9.98230010036e-23    0.0    16.708791608    15.7787339224    22.9815613306  
42864687.8381    -9.53249108976    -0.781976960856    0.00228549172501    0.023642970104    4.15016393766    3.51710471375    -0.462336870613    6.1475650866    -0.363016938272    2.81178603019    0.9934    -0.377099806894    4.57780761017    2.67836906473e-22    0.0    26.7543343639    26.2822311403    37.5040008661  
38355410.8299    -9.18325315346    2.03448090259    0.154116149701    0.00126687907492    2.15036555922    1.90877886012    -0.570986629675    0.493144826139    0.279522094213    3.93145757438    0.998    0.0113872762875    1.47559608386    1.35631971262e-22    0.0    26.5475932931    26.8217262453    37.7383055851  
58500132.55    -8.8821547721    1.45484048587    0.117519927039    0.00233707344662    1.8664642963    5.30656380085    -0.0955575732592    4.19050672654    0.257850032533    5.07645824394    0.9702    0.448082331818    4.99827761196    9.63502187461e-23    0.0    16.6070246135    17.2999690595    23.9808714599  
18660106.4594    -9.06736815742    0.57931208968    0.0860804879016    0.00575078541643    4.08344437551    2.65604186887    -0.914522013958    3.86687752846    -0.841310841815    2.28521061779    0.9865    -0.972547909347    2.9674226379    1.16874819186e-22    0.0    16.4361181064    16.5832730244    23.3484672433  
50526527.8378    -8.56628112925    1.55104751086    0.136278502121    0.00208847658389    4.59399583605    4.32209551623    0.00535049488701    0.272974427182    0.967839630383    2.68937753839    0.9841    -0.00163633089661    2.81390943716    7.56103565752e-23    0.0    14.9172324546    14.7176826278    20.9555244753  
17479477.6551    -8.89810304691    0.70874247808    0.108761190015    0.0049640861226    5.98674155895    5.04062780991    0.172606021003    5.04193360321    0.882568061253    0.754778592634    0.991    0.344327553063    2.036704413    9.77929785286e-23    0.0    15.7331336324    14.7052956076    21.5354872896  
42136974.1716    -9.00193081735    0.862573979542    0.0917207923537    0.00431380043411    1.22721618681    4.60037106864    0.527648474542    3.28314878424    0.241485462707    5.3960073298    0.998    -0.550520323818    3.37870431883    1.08565863208e-22    0.0    17.5115350039    17.1664208445    24.5222320111  
58190959.5889    -9.09986770943    1.36814464034    0.18080887858    0.00240236160318    4.92596334204    2.64116087927    0.199829028937    1.42123930968    0.814633114431    2.59577440507    0.9718    -0.198120069774    4.73777580996    1.21547814888e-22    0.0    32.0922751026    30.8287868252    44.5008788495  
40558439.6519    -9.45093835633    0.797407375569    0.171544528839    0.00429142227398    2.39678562773    5.82482608988    -0.0386326144283    2.57939202338    0.965118686983    5.90287200334    0.996    -0.996077436184    2.08583587913    2.18384624171e-22    0.0    20.7612178089    21.5808618208    29.9459807293  
52903512.1627    -9.62277686594    0.559484673789    0.0914446906708    0.00584226786206    2.83653363513    2.18897621762    0.175632828234    2.54265314753    -0.704134617105    2.07033227901    0.9742    -0.468053389911    1.96692271132    3.5550088086e-22    0.0    51.7770591239    57.6946506316    77.5212007326  
62712809.6151    -9.46761699174    1.09065669368    0.00240724457953    0.00363413269127    4.72541838689    2.30913788865    0.485124450605    4.58741625011    0.414047666505    1.96657905621    0.9779    0.768350481714    0.884452054285    2.26972873608e-22    0.0    44.244263684    38.20788697    58.4585108915  
17811200.4088    -9.13368714095    1.17636787144    0.123696051903    0.00307140682436    1.60319275952    2.77313173079    -0.212286484813    3.19072130401    -0.867474805718    1.32942274636    0.9754    -0.0123990499299    5.10667408136    1.26868706625e-22    0.0    17.739007237    17.1694738525    24.6873086854  
55723361.8797    -9.58195784739    0.752965084001    0.194851242564    0.00437900604486    4.18939085092    1.81037709763    0.746490236684    2.64665302134    0.983064772374    1.45648753197    0.992    -0.730805381984    6.0423436386    3.09872385752e-22    0.0    72.9703973886    72.1185351627    102.595136381  
14067926.6156    -8.90850187972    1.39027046571    0.0325908852093    0.00264895939808    1.57055652682    1.38470175023    -0.00831627003641    0.297127516389    -0.90568965426    1.81739554511    0.9966    0.473247887995    3.903302601    9.87600365634e-23    0.0    15.2281659341    14.7959959088    21.2324876699  
14573525.4907    -9.57988870891    1.43729018553    0.0576796994663    0.00248776315257    5.14756563591    2.64224379868    0.396093159825    3.05584989655    -0.386749019044    5.91162854348    0.9812    -0.863249518963    0.97889956404    3.07837617179e-22    0.0    49.3521918285    46.0718633263    67.5148533927  
7810084.92156    -9.28462674094    0.83799784488    0.110937561732    0.00435444917633    3.5509254543    0.614173278533    0.094153604613    0.998516841082    -0.538877213662    0.747784171175    0.9838    -0.773799887972    5.72414086005    1.58265582202e-22    0.0    19.3335686707    20.3828954173    28.0935811732  
37748400.6585    -8.99702425147    1.54651288935    0.0574103039839    0.00223075500373    1.5717936078    0.448926540414    0.0723628370242    0.909823899049    0.672954859589    4.89084988052    0.9904    -0.00778068679639    4.56441295975    1.07991792406e-22    0.0    20.0440269706    21.1642945366    29.1494490588  
24976363.4299    -9.01870608069    1.03415017681    0.141314941255    0.00348611184386    4.4128239499    4.30155886486    0.122832416151    5.31393884304    -0.914067914209    3.65978939948    0.9968    0.15622082156    1.93511493491    1.10563405879e-22    0.0    18.6128387862    20.4767239171    27.6718989239  
43897305.3779    -9.01911281624    1.18295095529    0.0721091120972    0.00317669088434    1.80454629023    0.853042908699    0.11843636555    5.3699232633    0.422404373841    2.62782970006    0.9714    -0.0484541821059    1.81715067428    1.10616137603e-22    0.0    16.5746352368    17.575682036    24.1582932398  
52940857.9857    -9.23323530293    1.74410886941    0.197098285529    0.0016213343731    0.377197585749    4.71841115809    0.858850651963    0.67311210447    0.844159997548    3.51649731385    0.9879    -0.0965465794933    5.01844330562    1.45896914211e-22    0.0    22.0242456891    22.2598000013    31.3139919887  
39351065.2813    -8.94330056628    1.39070133107    0.193794340934    0.00231688160111    1.74844356804    0.0092300378099    -0.034264542317    5.61785179287    0.731688868874    5.68856456943    0.9723    -0.749406033893    5.40779287554    1.02162381119e-22    0.0    14.5546340973    16.7239019682    22.170391759  
61991537.7573    -9.33656525881    1.34466647057    0.0498840082113    0.002743126582    0.904601073125    3.00986532685    -0.0399131347922    4.90828744237    0.917041082609    1.70994293991    0.9972    0.475547715033    0.165490047806    1.73143445173e-22    0.0    25.0799636269    23.1850396206    34.1548040213  
57944877.9445    -9.25159564068    2.0287687299    0.0758113792155    0.00135987080661    2.95031248941    5.72519058293    -0.163186132852    3.62731429457    0.882050324274    5.61539536354    0.9677    -0.078338134252    1.12802907472    1.50077222669e-22    0.0    29.3380176713    28.820691042    41.126044218  
61608045.4925    -8.91354077745    1.48562427804    0.0898583297375    0.00231679405813    5.44230696471    5.29895458532    -0.34747115654    5.35369146662    0.626142783423    5.58152916817    0.9731    -0.466947097548    1.07226465362    9.92393456742e-23    0.0    18.2063220728    19.114608648    26.3976973842  
58400537.1107    -9.06094219322    1.20214008327    0.150152972377    0.00292307135289    2.95560992378    0.319170984681    0.220886505255    2.86517673871    -0.642153083466    0.556612739013    0.9931    -0.304075013702    3.86055294556    1.15991890778e-22    0.0    17.6739000267    16.3006927324    24.043280261  
58176848.3352    -8.82896360264    1.3164565756    0.179077176858    0.00253431473859    4.57350119062    0.594818615558    0.554277281621    5.66549153941    0.778640542785    5.18606753382    0.9963    -0.0464694289856    5.18455647846    9.18898009709e-23    0.0    13.4735688507    15.0093396222    20.1697132719  
37711305.2178    -9.3981612939    0.887486316504    0.09108882989    0.00420968718317    4.11106699539    4.55902454372    -0.408547842623    0.296912665604    0.800300564819    5.38639662264    0.998    0.938587573738    5.56831413191    1.94905613405e-22    0.0    32.2014397951    33.5230058106    46.483595423  
16358190.6173    -9.09423835162    1.06200397656    0.172463709367    0.00329069296967    1.89186368629    1.83799140019    -0.259954545802    3.62303190902    0.731552526489    5.02812653601    0.9781    0.786227036303    0.384461098256    1.20710044803e-22    0.0    17.3826760206    18.9996073001    25.7515534132  
30177772.9419    -9.00521528718    2.04581160813    0.0683396229729    0.00134395815074    2.28640573301    5.04852350648    0.389531225428    5.94025000099    -0.522605105551    0.174267702722    0.9955    0.488158899246    0.385635955618    1.08944220105e-22    0.0    15.7083310045    16.0901721024    22.4865582344  
20961556.0739    -8.83250175942    1.35229262391    0.0685221968683    0.00268857463968    1.00378401093    5.88990548906    0.775249944585    5.49681321687    0.547435204808    2.86331866712    0.9916    0.57920027965    2.26419398133    9.21707090117e-23    0.0    15.4609838614    13.6729363928    20.6395545389  
37628906.2585    -9.02584794793    1.71525099387    0.0231406466654    0.00192448545916    1.45858562239    3.27594940366    -0.299924923497    0.684351568843    0.232839413266    4.97313235729    0.9807    -0.278409154278    1.75245082002    1.11444567324e-22    0.0    22.5437994392    23.6461557041    32.6705306467  
33463894.9918    -9.23021612889    0.938460158788    0.117747921994    0.00391606970635    0.340965813531    0.903817643773    0.568826514872    1.43679046534    -0.414418421331    0.586368952812    0.9953    -0.716382564545    0.888644780783    1.45222431296e-22    0.0    23.4925684528    24.3415357447    33.829146234  
51390093.2677    -8.99392519857    1.33270842649    0.158168032645    0.00254583265664    4.98531346322    1.28946862879    -0.27185397547    0.982144484527    0.187774968411    0.56611492205    0.9948    0.108386372489    2.00742896292    1.07631080697e-22    0.0    17.5392863317    19.3332547333    26.1036645628  
32421597.6389    -9.07362085445    1.96289975478    0.0194485851265    0.00150543044596    3.69394683669    3.80881834917    0.881530413388    1.47434452956    0.400439405348    5.64283631902    0.9805    -0.897382676334    0.190901008301    1.1774232295e-22    0.0    18.8010246016    18.7512541693    26.5534942896  
52369292.4878    -9.01756810048    0.889304262125    0.026692294187    0.0043867056507    3.3030687246    4.47084607912    -0.329582781579    2.8852193569    -0.282600150411    5.90927079032    0.9908    -0.29010504001    1.0869010657    1.10422667764e-22    0.0    20.7866939218    20.7720137039    29.3864458128  
22073484.8675    -9.21599823455    0.747747979853    0.183956562156    0.00445302552009    2.77798274475    0.233096728292    -0.530231109599    4.86025191373    0.670955263507    5.66878499969    0.9952    -0.533045114123    4.85909507233    1.42183461986e-22    0.0    19.7064143508    19.3083758935    27.589058451  
33247351.8229    -9.30781245192    1.44687174193    0.0778269354202    0.00242986770468    4.2514450578    3.88792203639    0.745770487262    4.13874926623    0.261037033094    5.21320717344    0.9762    -0.719149630853    1.07849666041    1.64565406814e-22    0.0    18.0644711691    18.0180914515    25.5142457888  
25805787.6682    -9.01056558254    1.7291518082    0.0892788830966    0.00181683343037    4.18147737582    1.24912366228    -0.616310850504    2.13793176332    -0.791037882419    3.26374095731    0.9935    0.433053581159    4.1896582652    1.09585019473e-22    0.0    16.6577939209    15.9825804029    23.0851678497  
30924531.2863    -9.16308400375    1.27591577385    0.139292628931    0.00274246107694    1.14587527254    4.42514596017    0.682757520538    0.0280518801542    -0.561587912891    0.837067234902    0.9855    -0.433074321691    6.18334692305    1.31917651513e-22    0.0    19.5341418259    18.9471651954    27.2135584924  
24787564.7617    -8.86154489664    0.675992817055    0.134516462259    0.00501815158202    1.03250100451    0.727155389127    -0.400667708927    4.35301808249    0.167108627978    1.20356059978    0.998    -0.737075726819    0.488564008522    9.45640576282e-23    0.0    15.6852917867    15.8035792848    22.2661513658  
22010726.3154    -9.20158897593    0.543872171663    0.0126415236677    0.00624524031453    4.96662088482    2.17960961442    0.0187589995461    2.17795359011    -0.403742288089    1.25184869296    0.9748    -0.600493058669    4.70522353935    1.39226805392e-22    0.0    14.3459953603    16.5223940362    21.8814324843  
7067096.06366    -9.34211289009    0.0215796490841    0.10290254866    0.00991553509894    1.79523263834    0.199197152443    0.523188294945    5.06741048501    -0.00650362735673    5.78355017776    0.9728    -0.824168866432    5.69390393173    1.74908624904e-22    0.0    15.0185998468    15.6219492547    21.670340096  
48751347.9004    -8.84846017836    0.637499629252    0.0674954763528    0.00549872697477    1.46305797753    1.39046010575    -0.0300263737279    3.10475106007    -0.723599849232    0.147483624926    0.9779    0.1638926778    2.62474682963    9.34686597021e-23    0.0    14.8990322965    14.0532025566    20.4810562586  
12936673.2413    -9.21007170594    1.5941180674    0.152912394872    0.00197005139018    4.51648850074    4.82933514917    0.216205328107    1.48304411278    0.769013415531    4.36529918417    0.9712    -0.684282187711    5.51841145903    1.40945939061e-22    0.0    20.9988504517    18.3212931143    27.8679296266  
55797438.9183    -9.17832762405    0.691703377071    0.0295371156413    0.00533628688145    2.37869695298    1.30018807247    0.00156742901235    5.84223699629    0.173513652879    4.36232851619    0.9709    -0.319826559533    1.90910531242    1.34709305028e-22    0.0    17.7318507476    18.2383575084    25.4372996904  
13056925.1382    -9.32921596901    1.78697408444    0.0864562962363    0.00171840030473    0.959561818711    2.28939456671    0.101825258375    4.1751723517    0.905092125235    2.26706597987    0.9849    -0.543116723414    0.0328260643783    1.70865733322e-22    0.0    24.9722872124    26.928021143    36.7251065526  
44516208.0897    -9.23697154882    0.458753760764    0.0995553815651    0.0064210046349    5.69345919125    3.07308288411    -0.661316701211    2.57380157836    0.805960556706    3.73019195301    0.9702    0.0824903294904    5.63165349812    1.46730287933e-22    0.0    25.5415727741    25.292975333    35.9458835052  
55239860.1288    -9.37090046811    0.888958189256    0.171424983501    0.00391645654098    2.74943643294    6.26644885169    -0.434399400185    0.572170335783    0.592852480163    3.56379113014    0.9875    -0.985056450705    2.97925873791    1.84631884545e-22    0.0    29.2931605171    30.9814249035    42.637283475  
61977455.439    -9.1030039622    0.418415655842    0.0219568916125    0.00704389691115    0.675392520638    5.28675135391    -0.0204208958446    0.323023993468    0.792682289829    3.27547222169    0.9889    -0.0361541615532    5.60091308265    1.22021517922e-22    0.0    15.6344540666    15.5963532074    22.0835320393  
35666056.9798    -9.21021944189    0.023837556543    0.106983370985    0.0098608690187    0.739915004735    1.70065219771    -0.447780570574    4.45142481386    0.615638789058    0.683793288619    0.9799    0.513968988137    1.90723693485    1.40970097399e-22    0.0    14.7131976846    14.7766599305    20.8525265809  
46293132.3867    -9.20560072299    0.55620877876    0.0808487235879    0.00590798027521    2.30317141455    2.67915686712    -0.748338480192    0.671307516396    0.148643435477    3.40449269073    0.9882    0.274140306875    0.578874074144    1.40021943061e-22    0.0    21.2684761526    20.7502177011    29.713963258  
9022552.83833    -8.78793846014    1.40859910717    0.073019975412    0.00253336354982    6.17215622838    3.16841571042    -0.41163144494    0.348749277657    0.218421213692    1.9749411359    0.9811    0.224912462584    1.54423674887    8.87725162522e-23    0.0    14.9448985483    14.2835749045    20.6729413648  
50744238.5766    -9.54652424609    -1.13863477902    0.074643191149    0.0323181229249    1.29543069923    1.83652212278    -0.654613400109    6.27050465859    0.935438076471    1.20751061846    0.9699    0.401501837248    2.90328569588    2.78616264295e-22    0.0    23.7077731751    20.8394067151    31.5648440699  
26800559.503    -9.18522057174    1.05483585383    0.0306737755719    0.00370888821173    1.4552434016    6.2043680973    -0.752761296025    1.27857731412    0.662608579542    2.37134530108    0.9954    -0.73775925173    5.87681699376    1.36015908473e-22    0.0    18.3210869074    16.2774694105    24.5075138657  
44870871.0316    -9.37577032526    2.18573968517    0.179138258242    0.00106244987324    5.1952037956    5.81280341124    0.629594317599    6.04616831959    -0.355177249816    5.96815544087    0.9746    -0.358076431487    2.46493795078    1.86384142798e-22    0.0    24.9206198275    23.9697453433    34.5772466285  
36304228.7568    -9.26810526654    0.27518890988    0.0785137576924    0.00783830723794    4.33882971455    2.91983184293    0.575538057048    3.97101592054    -0.40099585709    3.74396338185    0.9953    -0.709209762017    1.07640031407    1.54042303741e-22    0.0    16.8902771525    17.1617188589    24.0791622878  
1442835.18237    -9.35193848158    1.51879600095    0.0357159936115    0.00232512966562    3.70933888249    3.41959689194    -0.710287249342    0.746039428222    -0.511563712046    5.83176482158    0.9736    0.0100338766583    0.313534272363    1.78118870443e-22    0.0    15.1312486703    15.8278776921    21.8969495264  
28970130.6966    -8.93552456497    0.950854790313    0.176379300619    0.00366300536094    0.124340661048    2.69172393351    -0.633458505624    4.51728974411    -0.189648044392    0.0494292063491    0.995    0.0660713610132    0.274677100917    1.01378920493e-22    0.0    17.0370929499    16.4568194069    23.687326594  
51818342.6583    -9.43490320852    -0.029533879171    0.0002766699998    0.011152173866    0.741087148576    0.0105242981542    0.0674194235026    0.947033558971    0.390980201723    3.59205535964    0.9858    -0.934194388481    3.08300207351    2.10686119579e-22    0.0    29.8149293008    31.2452038831    43.1878776384  
49157622.0106    -8.9762311892    0.868471375894    0.0588153324766    0.00439051557473    2.50711148336    3.1752863013    0.74501755095    5.59984446379    -0.292178238639    2.68818677606    0.9905    0.520318955279    1.47137000406    1.05648990056e-22    0.0    19.8663216883    19.7034974089    27.9803242934  
29235910.3057    -9.47221440741    0.758861936294    0.15563431909    0.00453004051927    1.291488005    5.97947406016    -0.20651900798    0.19448232991    0.0678441728115    4.88074299341    0.9976    -0.366832102625    4.01783524702    2.29446798146e-22    0.0    31.8781327818    30.477427083    44.1031621458  
5008585.63396    -8.92951809277    0.363485084047    0.0204827516905    0.00744779418287    4.80548575534    3.07694272962    0.274866872022    3.69340865656    -0.895789232738    3.33171306918    0.9707    0.396694709937    3.42877404989    1.00784070342e-22    0.0    14.4670070504    14.4490338607    20.446732563  
58221985.6929    -9.56826726293    0.921159128208    0.0312766697736    0.00423784310999    3.46629250201    5.77843021744    0.612670155418    5.32530024069    0.779831330082    5.63782347416    0.9806    -0.59488715431    2.15233414214    2.97027254266e-22    0.0    67.6323683294    68.4035059758    96.1934346805  
33019681.6578    -9.58768811162    0.28096133844    0.0235051285807    0.00807475026919    2.92806191871    6.22391900658    -0.284927860702    2.44481375707    0.12586163654    5.25089798033    0.9846    0.246184356728    0.446578155963    3.1557448593e-22    0.0    43.8014441573    48.8836084824    65.6366794447  
60549878.7896    -8.59461460904    1.87800291091    0.0500796425707    0.00160903769557    0.324747175987    2.19285078306    0.327680596829    2.02328492195    -0.888609083323    0.0470405783834    0.9881    -0.518854933903    4.4905463367    7.70112613788e-23    0.0    16.0850309196    16.3694172512    22.9496414096  
21499267.9092    -9.27954655856    0.391541090526    0.0703872480991    0.00701787730566    0.757275273622    5.36937326133    0.336295576216    0.162050659493    0.829714674961    3.39392259275    0.9966    -0.6923936261    3.21209085194    1.56948450913e-22    0.0    29.010385163    29.1128795084    41.0994184944  
49771470.0543    -9.39400969551    1.85342770824    0.10538148981    0.00158450777006    4.86735791503    2.54223797664    0.078787249403    2.66963750177    -0.354990282919    1.40896945777    0.9787    0.525843421615    4.6774232194    1.93269717029e-22    0.0    42.2470236429    43.7737365933    60.8354421535  
45418098.5036    -9.03987110934    2.08691083553    0.000109192979399    0.00134349383435    2.07296177731    5.77642972211    -0.515759693654    2.10740007526    0.653422111909    4.69565116847    0.9718    -0.851801279862    4.44874053586    1.13214307221e-22    0.0    18.8360661149    20.6536770857    27.9530278118  
22813963.5021    -9.55004622756    1.08029837126    0.0585777130054    0.00355294978762    1.29217399485    1.42776207884    -0.391631483338    5.23381762198    0.22398000647    2.8675054006    0.9967    -0.745822775841    2.33443002509    2.81420610419e-22    0.0    43.0255453217    47.2749558567    63.9227580873  
27990099.9676    -9.33149292554    0.418343133728    0.146657826863    0.00642173408786    2.33787344708    3.53392487946    -0.277528377317    4.73523957396    0.276159901592    4.76444638774    0.992    0.510081152674    4.96588892324    1.71564521986e-22    0.0    24.1293904922    23.4200690786    33.6262861639  
21411176.9845    -8.86956978182    1.66475701863    0.0717990556679    0.00196256573186    0.127304557774    3.16430667467    -0.756274662754    4.08999431297    0.956889321219    4.59304669863    0.9821    0.718531946626    5.58351179465    9.5248524055e-23    0.0    15.2713493457    14.0803270648    20.7718492458  
48686793.129    -9.03419692402    0.801065042196    0.0513833287373    0.00471964806883    2.47778622053    1.20253480307    -0.411899780651    3.35983350286    0.399614552365    3.86606031925    0.9851    0.589745955475    4.52223712019    1.12490072092e-22    0.0    20.1307706264    19.8130678612    28.2454524496  
11005391.5285    -9.2464758261    2.17687907876    0.174711365458    0.00107675711121    4.67463324933    0.72326188752    0.835508945615    4.33395310285    0.855230957295    0.703172420007    0.9688    0.673155701327    4.26263175635    1.48872846261e-22    0.0    24.876788769    24.9669451765    35.2448999276  
19313821.6385    -9.04132589689    0.814429076653    0.179792218445    0.00418378241188    0.927187718935    3.98698933865    0.0488194985994    1.83175893655    0.926234051531    3.94691304913    0.9859    0.428703748088    1.71272096533    1.13401855428e-22    0.0    18.4004863055    16.9582570961    25.0231968384  
50211725.7179    -9.34611053061    0.556847437338    0.182994154063    0.00539507207787    5.52979301732    4.51256938475    0.550504499859    5.85350209241    0.506478955717    3.04449952064    0.9806    -0.440559569698    2.32566377353    1.76186560569e-22    0.0    27.8242228022    27.4023313171    39.0522103876  
35354353.986    -9.41246734701    0.861667337934    0.15583588666    0.0040866810365    4.33550947395    2.9571410656    -0.232282328828    0.905156871098    -0.881865255501    6.20464675485    0.9733    0.454402194781    2.85928594713    2.00768142004e-22    0.0    27.4682385116    28.3140459145    39.4485655376  
28797479.7301    -9.29910851806    0.461549691138    0.147178779362    0.00614721194964    4.5128099183    4.9262848503    -0.989674507918    3.76151998739    -0.268950940155    0.186893665372    0.988    0.670910371071    1.5082117804    1.62146775557e-22    0.0    15.8411891678    16.2620943246    22.7024004473  
43911455.4502    -9.43891890601    0.513544641439    0.0996359131526    0.0060782719397    5.90212615818    5.66258016482    0.195668857346    3.5890409199    -0.0107034688221    0.429233840837    0.9949    0.542423118366    1.67106961292    2.12541881064e-22    0.0    36.9917643178    35.6945303165    51.4051565688  
44712006.8367    -9.28797469146    0.721132449279    0.0696383885493    0.00505002599265    5.75017970194    0.291363207108    -0.565438320262    5.88501278423    0.00379631767606    5.05779574524    0.9949    -0.859485501721    1.46355512266    1.59132674962e-22    0.0    24.2516651652    26.4383729893    35.8766056032  
23049290.8206    -8.96564743885    1.58525797426    0.0422909591565    0.00216690097083    2.00616345815    0.322125206374    -0.658566704178    1.77418240919    -0.580386863155    0.962167089919    0.9802    0.654903404865    3.26984774056    1.04499122747e-22    0.0    15.9238400666    14.5987289675    21.6030453856  
44634521.9975    -9.13482830278    0.746485365299    0.0240240364327    0.00506788456391    0.324901782706    4.03122047618    -0.685767735523    1.89730994476    0.845711110493    5.83590866573    0.9836    -0.895536911424    5.4144008136    1.27060561142e-22    0.0    18.9177161594    18.8950130685    26.7376420715  
23051549.2277    -9.22081464943    1.08716803637    0.1799733486    0.00318448411871    4.05756910986    0.388439904298    0.732230015647    3.92887705929    0.760378913518    0.33412458837    0.998    -0.497088275842    0.946287224555    1.43192573677e-22    0.0    20.3440851444    23.7885313516    31.3013741588  
27549740.1383    -8.75982946494    1.40470216957    0.0735834975636    0.00254223900824    4.80674275212    3.48816326632    -0.639848666134    4.74316302254    0.819762574944    4.00693877579    0.9802    -0.96154748731    0.412170187396    8.6785413224e-23    0.0    15.1969717249    15.2838989966    21.553318031  
60988034.29    -9.00241079816    0.903540530406    0.14511470682    0.00395870368057    1.65025129908    1.10471969193    0.0496556380755    2.16366856122    0.752267114181    2.50153316239    0.9763    -0.0952180912651    0.382651334531    1.0861723275e-22    0.0    16.540105769    16.6752751457    23.4870155625  
20487172.6396    -9.07048961891    1.06295711684    0.0077114492118    0.00372602474012    4.66974462856    3.00749769128    0.530981621037    4.22443322381    0.350585609151    5.91347531902    0.9674    0.380700645261    3.51575196325    1.17299454108e-22    0.0    13.8305798029    15.5734607425    20.8282888683  
44270439.3043    -9.63016964874    0.594459456698    0.095117823417    0.00562559184012    5.90680845652    1.12699541721    -0.782858831163    6.19859965078    -0.89016340633    0.314321943793    0.9935    -0.437985870259    5.46222294066    3.65153092396e-22    0.0    61.0155548422    63.1589476163    87.8177123176  
23294154.3764    -9.22870995329    1.99731340909    0.0454724898155    0.00143226214401    0.666417329547    1.37133116985    -0.238180898885    4.08187847635    -0.405754029479    3.92213264485    0.9732    0.849001588438    1.98104966667    1.44891232555e-22    0.0    30.0170267773    30.4136443669    42.7318576734  
41523151.3028    -9.38358833474    1.07751625975    0.0671955084681    0.00354205670073    6.1444206015    2.24332584973    -0.107692716651    4.19841413075    -0.585748833245    2.65201751532    0.9915    -0.521886206118    0.0419542505696    1.89259433213e-22    0.0    34.1165730073    35.5156527196    49.2473566992  
35762531.7444    -9.12909005951    0.55143818846    0.0440207721562    0.00608630274515    0.065279487796    5.68181243433    -0.578424647649    0.159957945814    -0.857815267178    3.98001418311    0.9935    0.120347987281    0.80273517396    1.26115563232e-22    0.0    19.5766261658    19.4585006223    27.6021292386  
30876143.0589    -9.20997322744    1.55092794616    0.0427670693603    0.00224191961034    0.892112305485    0.665169510972    0.51832874071    4.70532378596    0.367013401027    1.86588216388    0.9882    0.360055908243    5.91571312773    1.40927117441e-22    0.0    23.7563656087    19.911856032    30.9975308303  
30849310.3123    -9.81983333824    0.593377486318    0.0195352734895    0.00592128212668    1.2158338666    0.378683365152    0.571108955109    0.090996335972    -0.777074059481    2.60725767329    0.9842    0.0910055549612    1.08626052932    1.11615880563e-21    0.0    173.600378496    165.813577486    240.065061791  
11166975.7211    -9.21693983087    1.30334120051    0.00201273913122    0.00293846019047    5.23362531727    3.00064656224    -0.477712513044    3.67083312531    -0.645367031209    1.75295520602    0.9892    0.0297773566221    3.85583890922    1.4237443345e-22    0.0    12.0908536167    17.4264766202    21.2101586174  
58796300.2714    -9.24933969223    1.17331173121    0.00879508640482    0.0033348247627    2.96962575497    1.44012287199    0.341880940035    1.68154053577    -0.0635607978731    5.75031493043    0.9836    -0.0459087829449    4.92950123194    1.49537544076e-22    0.0    20.2329691875    19.8233700714    28.3255898991  
37586487.4271    -8.99893614563    1.4481226798    0.00613220966514    0.00253703720749    3.81542899924    2.56690283984    -0.598559719504    2.09812695651    -0.0310986582993    0.615982072291    0.9832    0.489675507807    0.0918432046268    1.08211143371e-22    0.0    14.053002802    15.1041834053    20.63063848  
30728390.5519    -9.55503964941    1.62677407919    0.0913407251721    0.00200954602774    3.49177238056    2.2960589721    -0.189569468337    1.06059460173    -0.858841467138    3.12285065414    0.9798    -0.154087763473    5.90672038    2.85548606456e-22    0.0    39.9605632014    42.0538294674    58.0118193496  
5657023.86669    -9.23945325385    1.31375474436    0.0823231027228    0.00276676039737    2.11778938115    1.56345410125    0.370736055775    0.349896622915    0.369802392244    3.03621733313    0.9729    0.107691681469    5.85124540633    1.47287228958e-22    0.0    15.1336105015    14.5277431995    20.9781192981  
58098772.8925    -9.56061729756    2.14319247162    0.0487355750562    0.00123529225931    5.58440761748    4.745959035    0.0489131682754    3.04855457662    0.736374721213    4.68096448898    0.9721    0.54546023199    0.0761484296554    2.90295202445e-22    0.0    55.6611052496    48.7717878759    74.005715524  
53034755.2234    -9.39294492167    1.16233540312    0.150648023918    0.00304035817851    4.75643496204    6.25422636994    -0.673251259293    5.63849042428    0.00499630600747    0.358018122391    0.9818    0.346129292965    4.20444248786    1.92853284737e-22    0.0    33.3827199    33.5127742273    47.3023469221  
31513939.3964    -8.9004126001    1.66039392892    0.0508764802235    0.00199917076082    4.64814609059    5.31416156323    -0.354373258436    5.27036008173    -0.819652226343    0.358959310001    0.9889    0.231242870116    2.19641147813    9.80070331092e-23    0.0    24.0251494827    24.3849682036    34.232068035  
58537739.2577    -9.03535399675    0.613628835437    0.130424918968    0.00536040736919    1.64438877562    3.70365237871    0.839232592262    1.40432657079    0.647345317077    2.85237091085    0.9788    0.931635206327    5.99970300618    1.12633359493e-22    0.0    18.1362532158    18.0594947369    25.594316378  
25604526.4995    -9.27648974159    0.236640570115    0.0950649564424    0.0080460869954    0.919987020052    5.45415812534    -0.775343895587    0.876304279749    0.969380740064    0.937753897461    0.9919    -0.921178989089    5.38928815533    1.56155674946e-22    0.0    15.7897715865    16.8003286973    23.0557570053  
21366127.3383    -9.31741479532    0.518998463437    0.0967505729403    0.00605886082293    1.93588795149    4.45415178947    0.742507162966    2.57181194236    -0.841418935315    5.12846843729    0.9717    -0.976901518722    4.94925044708    1.67339104422e-22    0.0    16.8808064985    15.6212324579    22.9996637268  
33195679.8433    -9.5620865999    0.271563556747    0.051222759004    0.00801519755519    5.23847320532    1.40768878317    -0.246514209486    4.3838323013    0.153684823887    5.33078254174    0.9947    -0.0433668517488    5.3178369609    2.9155067443e-22    0.0    38.8884228562    38.960398739    55.0474531849  
59873141.3364    -9.35791476506    0.625403422635    0.143028650405    0.0052381568838    2.09064247388    2.83436232996    -0.990038188652    5.17981202738    0.142311532984    1.93627824712    0.9767    0.112893752339    5.82200451371    1.80100827945e-22    0.0    29.0391572606    30.0894314919    41.8168212794  
9860006.96113    -9.0669839935    1.26034040708    0.111610247331    0.00285280828811    5.44959268045    3.14309390035    0.848912348113    5.16700916862    0.355544274599    2.78332562001    0.9811    -0.822576458571    0.189736204829    1.16817410414e-22    0.0    16.9976995734    16.6340017936    23.7825946115  
55177252.4088    -9.32738705504    1.97024670373    0.140989612385    0.00136750296236    2.98002002479    4.17011809394    0.763296828418    1.914228899    0.439818284197    5.62824503587    0.9937    -0.944935121145    1.75882491172    1.70308221658e-22    0.0    27.8419166703    28.7108951695    39.993597304  
26267276.8507    -9.43669283534    -0.603515901596    0.0529299196006    0.0192077230967    5.04189767519    3.52789344729    0.154671893719    6.14594367373    0.968365788672    0.488047655655    0.9697    -0.0499732133782    3.0121734569    2.11503596769e-22    0.0    27.5179591093    25.0982105916    37.2445734093  
28154133.4877    -9.07865995032    0.622361304969    0.182656868177    0.00505471988587    0.238714888057    1.05958584233    0.541422053036    1.09385940804    -0.90360147728    3.51113222407    0.9776    0.229956972393    0.984175131177    1.18456457721e-22    0.0    19.6350501269    19.241117462    27.4910129801  
57739183.7539    -9.04674799893    1.19515049471    0.104915413496    0.0030615607337    0.36757794826    5.77572127892    -0.772401225679    5.66033304301    0.749493282695    2.31152686686    0.9796    0.579681579606    2.47706811733    1.14105723304e-22    0.0    21.0856499305    21.0641859446    29.8044386376  
32561141.573    -8.95349680737    0.934494357474    0.0132148527703    0.0042244529097    4.81571395407    4.9196737636    -0.566618695057    1.16018524254    -0.00340366663319    4.14480709068    0.9925    -0.338395301499    2.85746169305    1.03215931026e-22    0.0    14.6901996851    13.8014650577    20.1564482121  
37403678.9302    -9.29069317078    0.664303220267    0.0405592082374    0.00544840247944    4.03763829306    2.41870619488    0.339239877244    2.53913537287    0.599916171108    3.82061092965    0.998    0.0716200095565    1.93463386102    1.59863710028e-22    0.0    24.9179689876    26.4010675369    36.3031891926  
60100921.8067    -9.2145133063    0.302301141556    0.0525599912649    0.00776584961719    2.57226197375    3.63947343435    0.881469760133    3.61926939657    -0.135287548344    1.08277458756    0.9978    0.903227157733    1.18086103226    1.41870665215e-22    0.0    14.9231703178    15.1455998447    21.2624130096  
46389061.5853    -9.41651483494    1.32872876003    0.127678021155    0.00262830286715    1.90538585752    1.6909929318    0.406656314502    0.982722428636    -0.599922048681    5.29954149607    0.9743    0.721258057391    3.55847212699    2.02471685904e-22    0.0    31.6721277795    33.1525815044    45.849943713  
42278624.0626    -9.05333566568    1.70802602494    0.0794051664565    0.00186925326551    4.98757682058    2.56927840508    -0.362943393236    4.59323221184    0.707882873443    1.69120874322    0.9875    0.740921477883    1.84648701631    1.1496729978e-22    0.0    20.9480068953    19.1026854404    28.3501602098  
33082057.7427    -9.25922139899    0.56890255344    0.0311955856069    0.00602765920662    3.57824553575    6.03498493283    0.41536302601    3.73733364003    0.759468897035    0.412862354166    0.9976    -0.553886333885    0.775118173081    1.51878311746e-22    0.0    26.3826528736    27.8789677809    38.3833455704  
17109719.9149    -9.01193793392    1.87422386874    0.11811707581    0.00153574371975    3.48914521446    0.752898313755    -0.906254361571    2.34216643279    0.660433795304    1.12647158998    0.9788    -0.0235934839588    1.52676398481    1.09751021754e-22    0.0    16.1789712228    17.7059359568    23.9845633259  
32786213.9607    -9.36547883757    1.0900995527    0.0776808234338    0.00347194342693    4.02522641589    2.63099831421    -0.165319421312    5.51210535141    0.240514937689    3.84469312369    0.9815    -0.472995372472    2.00839450686    1.82716450995e-22    0.0    31.3834770699    32.6707968135    45.3023575262  
53559831.3517    -9.45785401321    1.15568171443    0.0734950644504    0.00326130826056    1.8934384173    4.28993849226    -0.759526623555    2.43210086998    0.858940136359    1.39183219737    0.9817    -0.508833237471    6.06192765335    2.21839635483e-22    0.0    34.3760489125    33.3032012793    47.862469162  
51937138.247    -9.05422011832    0.636439504053    0.0552674305474    0.00555016968688    4.77916039067    4.4537258844    0.856309671922    6.01923083555    -0.228662609989    2.93560696776    0.9743    0.349634703128    6.1234377818    1.15085650557e-22    0.0    15.1085082212    14.8242102426    21.1665828604  
51242326.171    -9.72680734699    -0.818796397729    0.0759787807572    0.0234491642951    2.47850789212    5.97857325919    -0.872031132835    3.15972853346    -0.216378611325    1.6952428951    0.9683    -0.797827541743    3.40010170647    5.61085491548e-22    0.0    28.1527887954    28.1823826948    39.8349872764  
29059692.6861    -9.50387846414    2.0827297238    0.0617055919109    0.00130114836392    1.43803008245    1.37024381145    -0.956248229553    4.76576482549    -0.273186200101    2.19632851458    0.9739    0.517183057924    0.818256998372    2.48164246046e-22    0.0    42.8710552024    43.5246295599    61.0927225821  
28512210.5938    -9.26393924479    0.98026183394    0.10976985348    0.0037806222805    0.400965239787    3.25219831221    -0.769999342232    6.23181868873    -0.0548760936348    4.64993354297    0.9897    -0.272329702966    5.27617799193    1.53017210215e-22    0.0    21.9399417189    20.9965059405    30.3679815651  
22856944.7099    -9.14978314263    1.73453659195    0.163284206243    0.00169497714244    0.625488601912    0.974736774021    0.266904023619    4.75753190504    0.4359524568    0.34385373946    0.9772    -0.0609748487577    4.92731828718    1.29574225828e-22    0.0    18.5885483142    16.9231313677    25.1381483749  
11906908.7398    -9.11327642607    0.654059279902    0.196449555458    0.00482592231983    5.58162297315    1.28188104999    -0.242069033335    0.584756649023    0.453150461065    0.229386456466    0.9852    0.895701491388    4.7903959313    1.23595113525e-22    0.0    14.6940208516    14.1119799302    20.3730760156  
50561373.8969    -9.09660937358    0.491124695133    0.193018994644    0.00570093574616    0.149689502814    2.04203550869    0.252987467045    0.96272330978    0.407026496339    1.07853434152    0.9817    -0.865332045659    0.989537181858    1.21056269344e-22    0.0    15.991732791    16.1779897576    22.7478102299  
33931912.7197    -8.96237486966    1.54178806607    0.0727689550183    0.00221784642745    4.6303036795    1.36723538493    -0.750684638487    0.979411031918    0.098337143245    5.31503468447    0.9708    -0.483086330687    3.88090496568    1.04149659625e-22    0.0    17.8073585969    18.107589623    25.3965907585  
11906330.7313    -8.923436567    1.06517756641    0.191093186661    0.00321759604563    1.49906507354    1.53951792859    0.878214565673    4.19726112537    0.616505247747    1.45891480095    0.9946    -0.668873821053    0.303630871414    1.00187861418e-22    0.0    14.6647878869    14.7907835928    20.8284248818  
58558370.7723    -8.82570610669    0.95567536835    0.138749404648    0.00377948112901    2.3673550812    4.4819491703    0.20475601752    2.28674819516    -0.769593104336    1.43183278267    0.9705    0.37070705123    5.66951810183    9.16326810579e-23    0.0    14.4092754854    15.1893930774    20.9366874666  
25151299.2524    -9.62919575647    1.08219983763    0.183268065967    0.00318945091327    0.60613033957    1.76310984589    -0.198692960727    2.55761865717    0.962262096239    4.00663062133    0.9742    -0.769699561783    0.707527381534    3.63823457881e-22    0.0    38.2523929235    40.9845420782    56.0622712145  
10626200.4218    -9.07271908305    0.638203288141    0.114721949393    0.00530087325882    1.27082267642    1.38679514883    -0.715306603317    0.899103846176    -0.229830651951    5.47635860113    0.9842    -0.165832682854    2.27876453769    1.17613581407e-22    0.0    17.4821765647    17.7577940784    24.9191843359  
15492484.6686    -9.22230897129    0.393056118545    0.191009336201    0.00630186268447    5.6857199449    3.67563359751    -0.309534156341    1.24204136682    0.831940782277    5.73604104887    0.9783    -0.59037918528    0.410474164948    1.43508823184e-22    0.0    17.1648075095    18.4898945182    25.2290867082  
37936001.6744    -8.89515170587    1.42273209584    0.109769265693    0.00242885229233    4.39299138493    0.381204770529    0.391433329878    0.527790160821    0.364407361906    2.0155696099    0.9931    -0.402938466484    5.28686224703    9.75252839168e-23    0.0    15.3801737691    16.0223461014    22.2095772081  
46363090.6549    -8.88727624007    1.44925850089    0.027949155773    0.00250402248761    2.10202504308    6.05068034767    -0.918100518375    2.57611583707    -0.108390306737    3.20464364608    0.9735    0.0292537024282    1.41293683193    9.68108804686e-23    0.0    18.9413232132    18.1430740252    26.2287029826  
34653092.3214    -8.98095822213    1.15939626891    0.0662537760585    0.00326571103144    5.22622070712    5.9451582174    0.749740003999    3.26962878385    -0.313145842599    6.14062405973    0.9921    -0.124500452885    1.56909109683    1.06173036e-22    0.0    20.8859904884    20.7054359764    29.4098568112  
54798433.9662    -9.0686070238    0.644157415467    0.0640652573022    0.00547513535022    5.5419023003    0.373117590051    0.473567503833    2.1057027182    -0.508639326655    5.40415241629    0.9809    -0.514136146821    3.64614842325    1.17046210276e-22    0.0    14.9088077963    15.9572718488    21.838202187  
61717534.2717    -8.94681391494    1.21656642703    0.199214254202    0.00274145888414    2.44682723162    3.82104493238    -0.135260848498    5.09543637268    -0.121204931133    4.76634241774    0.9721    -0.906522576777    4.02985077155    1.02524671054e-22    0.0    19.7801796563    20.0464329427    28.1622971535  
55562311.8301    -9.32550621143    2.0527180256    0.135501671199    0.00126548900303    0.760113996437    4.58166396586    -0.605152010912    0.774714778494    0.772263486859    5.9988439235    0.9765    -0.928578520147    0.189748998127    1.69732454427e-22    0.0    24.1668504253    28.0405656721    37.017698236  
40423825.5409    -9.1036235409    0.94531832194    0.198846616644    0.00359714067547    5.14546358733    5.3943850999    0.543617342709    3.43443611885    0.549943281803    3.49235046795    0.9785    -0.593993537061    0.0954731983426    1.22114003892e-22    0.0    19.9492770237    20.1040291866    28.3221758222  
61592948.1767    -9.01501237    0.785250302803    0.173226941265    0.00433656720075    3.14467278587    2.69367624112    0.58996333416    2.57708807641    0.9866961588    4.31754945309    0.998    -0.95190528875    5.76581560097    1.10114888396e-22    0.0    24.0664533233    24.3633594983    34.2456925993  
40716841.9562    -9.35477987692    1.66193850051    0.0711778309282    0.00196896589917    3.56344483792    4.52298065531    -0.5568344015    1.89682681143    0.147061020516    5.23714375734    0.9863    -0.819007991443    3.69036024801    1.79058232678e-22    0.0    39.5762144446    40.9595992935    56.9558208092  
31449589.1667    -8.87674179963    0.518726413826    0.0156492199381    0.00639387774572    1.5428464705    2.79464894534    -0.570068740185    5.70527202871    0.842547927297    5.84825921966    0.9955    -0.895264087154    4.69613257337    9.58740719486e-23    0.0    15.4860279705    15.5206944938    21.92507742  
57495242.3078    -9.09476475977    0.683623354646    0.191374113821    0.00471094907849    1.61149490444    3.44990677289    -0.134663316335    0.288513943493    0.164939160646    3.29600642371    0.9852    0.535110319969    4.85584732337    1.20784143965e-22    0.0    17.3183770258    16.1205459089    23.6600545902  
8851687.78407    -9.3493881104    0.540905639539    0.188806493286    0.00544846300522    6.21961345202    0.821761826411    0.261368631905    4.01503332328    0.879112227777    2.43208001237    0.9956    -0.128696384849    3.24852232559    1.77266982021e-22    0.0    26.2034067625    25.8617695936    36.816431827  
13225884.1176    -8.79591231199    1.03175112342    0.0294800205026    0.00379815587356    3.32788611266    2.4008904134    -0.408368014451    0.304305291608    0.9491410054    0.330722052327    0.9961    0.625344717364    3.45446375736    8.9358859294e-23    0.0    16.1131871179    13.7212472237    21.1638234842  
33653044.6668    -8.96954999592    0.986597687675    0.00603855465374    0.00402518302193    3.66450293672    3.45022337336    -0.0319887928624    3.52180099075    -0.4112305869    1.89125572435    0.9766    0.828769181797    5.34659844196    1.04918210451e-22    0.0    17.2079663299    17.3877252973    24.4631783754  
13192727.3131    -9.04947011465    1.87514485906    0.153013989832    0.00148726188189    2.60867394667    3.14687525396    0.645761061868    4.88644146736    -0.527541221861    3.14136879416    0.9921    -0.381088345276    0.834947170313    1.14457543448e-22    0.0    20.702818422    21.0609016881    29.5324951626  
21336470.9606    -9.17842303479    1.43419165882    0.0974296253835    0.00242492367948    5.53036598528    0.964707497897    -0.472944207006    0.297095273225    0.457957574604    2.92732449052    0.9683    -0.677116105726    6.13568572663    1.34730828112e-22    0.0    18.7668013301    16.8978536869    25.2533223832  
52868486.9918    -9.0411595283    0.99949302821    0.10743402559    0.00371565378717    3.74992768372    5.50856761977    -0.753247236903    4.27285960113    -0.79928450538    3.61311687706    0.9937    0.675582429434    3.01820134345    1.13374904174e-22    0.0    15.7013576366    16.295463823    22.6290691996  
25838098.6014    -9.59070969666    0.59938063239    0.00989994885221    0.00591664479556    5.83991396771    0.973367198274    0.647429767214    0.819445626861    -0.591085288209    4.85600666267    0.9707    0.785496394307    4.69046391613    3.18729179932e-22    0.0    52.207784369    54.3892556917    75.3912719312  
35927906.3423    -9.14538854784    1.36038619746    0.0207976155087    0.00274791084787    5.05579808291    2.220721608    -0.0149615171115    3.18465596389    0.339886609746    0.429052887495    0.9844    0.375025342314    2.7889663306    1.28831714944e-22    0.0    21.5662308387    20.3876675739    29.6775892163  
31465781.0316    -9.43984789998    1.80528691868    0.180426242961    0.00155224885551    0.649342775953    5.57018348633    -0.628644226224    3.11027195765    -0.798622973855    5.29589872179    0.998    0.976015330809    0.794765001998    2.12976936062e-22    0.0    40.5541730649    38.502044875    55.9200179948  
44004783.9967    -8.74357653852    1.51121643164    0.14832062143    0.00214957545134    4.79342202795    2.91879706597    0.732267342208    5.44063119657    0.66050888043    0.431132509398    0.9814    0.687073441242    5.34197996505    8.56813331317e-23    0.0    15.8831718479    15.9238990957    22.4910139914  
37950090.4445    -9.09797306015    1.59500185321    0.143511900043    0.00198561481341    0.795965935751    5.12542310408    0.604944382168    4.20837561799    0.161584781034    0.845299622392    0.9852    0.320412756157    2.35782670434    1.21264840712e-22    0.0    27.2290637914    27.515223205    38.7105854125  
48709772.2118    -9.03638822996    1.12123564927    0.181298825048    0.0030736170995    1.28023031518    0.470449745314    0.392525061901    1.04065212883    0.601195503253    0.427974373423    0.998    -0.878903212036    3.50827679866    1.12771548368e-22    0.0    16.8955825701    16.5009907962    23.6165917871  
44854019.4878    -8.67535607063    0.873234051502    0.0596491597411    0.00436721914833    3.79049546804    1.18189184218    0.0811328446732    4.78401582723    -0.962127916436    0.112600047527    0.9878    0.146310200303    4.29169749224    8.14154590463e-23    0.0    15.4540760771    14.8744674817    21.4494347305  
