tPlunge     logmu     logM     ePlunge     nuPlunge     gamPlunge     phiPlunge     costhetaSky     phiSky     cosLambda     alpPlunge     SMBHspin     costhetaSpin     phiSpin     Zeta     SMBHQuad      SNRI     SNRII     SNR_tot   
43598920.0623    -9.16793483861    1.52227697264    0.197412300397    0.00202332202398    0.338013522178    0.418785307782    -0.960654584423    6.13412283754    -0.781523240989    4.52805786966    0.9732    0.800916116173    2.73048417298    1.32785776794e-22    0.0    23.7036765076    24.7951398049    34.3025252412  
35510338.5355    -9.20481667826    1.10984350432    0.107947159522    0.00332606116961    4.86606674547    4.73884678492    0.871128905338    5.05001996884    0.440805913373    2.97412354592    0.9827    0.269512666343    0.884639292255    1.39872953651e-22    0.0    20.5784131269    19.8688900708    28.6049624972  
28768502.2015    -8.80319599843    1.61508051334    0.143414757616    0.00194631721251    4.59415525118    5.91505204158    -0.819394385906    5.74443238263    0.803348098769    2.5676236669    0.9715    0.619301011473    3.55641772183    8.99030080893e-23    0.0    15.6448233247    15.4412218791    21.9816248257  
49648041.1965    -9.2487253158    -0.271867072252    0.0572427731699    0.0137471448889    4.49655957307    1.68590649643    0.24761687824    1.00594122934    0.992110151835    3.3778605076    0.9718    -0.915597118453    3.58891767453    1.49411852249e-22    0.0    14.2527346924    15.1985967446    20.8359734406  
53427466.176    -9.37792292812    0.286487224195    0.0789144146844    0.0077479955766    4.35665635403    2.20003166941    -0.34464729317    3.95072457671    0.584120714746    4.53145873816    0.9926    0.020351838192    0.348244406338    1.87173880497e-22    0.0    29.5336045097    30.7427769654    42.630413215  
60425164.1875    -9.6722666275    0.659202426257    0.0610342394501    0.00540447625255    6.17926307015    5.93034111691    0.678072666247    3.13332985515    0.599195871661    3.39350305105    0.9821    -0.454359099298    5.37498101032    4.31334832938e-22    0.0    75.9320689837    74.5994415988    106.44602288  
47491694.0122    -9.58819107553    -0.429889126653    0.0417844316066    0.0162608256444    1.96392130759    5.79004368988    0.881032767942    3.23494078575    0.198567723084    4.28854878672    0.9805    -0.983452154835    3.24873052437    3.16089608682e-22    0.0    26.4207587189    25.2650848991    36.5565453269  
50061970.6485    -8.77957935796    0.971638252357    0.0193607029046    0.00405677834264    2.38134570591    1.60086848589    0.486788571629    0.270549561432    0.741294046349    3.89866780818    0.9767    -0.607583610023    3.14218152314    8.81726779651e-23    0.0    17.0271456677    17.2142198866    24.2126631309  
18914730.6849    -8.88329061151    1.47396739529    0.0912200993069    0.00234153656478    2.62474671244    5.3179367459    0.288324402031    0.222060852759    0.757644400178    5.92132225746    0.9678    0.231080588416    2.91038356455    9.64509587982e-23    0.0    18.8924173773    18.94409875    26.7544820881  
46187670.5979    -9.05140102235    0.10782196056    0.000951578237552    0.00971761265075    2.27709813422    1.73627267431    -0.343952505538    2.93242502751    0.215883256363    4.32428108258    0.9843    -0.00481598077067    4.29267762301    1.14713095748e-22    0.0    16.5623793765    15.8904794826    22.9525542979  
7034990.06614    -9.07913501997    1.50607891103    0.0671211381812    0.00230757299026    3.6411001314    5.49638643041    -0.635642837891    1.18768176842    0.232547648234    4.66549122711    0.9892    -0.157527852582    1.64064085874    1.18523074304e-22    0.0    17.4414117596    17.5100818305    24.7144858307  
22214215.3556    -9.04988956014    0.560870359503    0.023477398707    0.0061034161174    3.81959817113    0.141613805548    -0.0242673923258    3.08807805356    0.324701704415    1.09920976204    0.9896    0.200008827982    3.96465271634    1.14514067227e-22    0.0    14.9734059623    14.0764048739    20.5511084928  
50789596.1534    -9.17375858083    1.10774437641    0.158201153756    0.00318798790781    1.21971346802    4.07142291503    0.519281407672    2.10943891197    0.777132373165    5.83762706197    0.9976    -0.82160846303    2.32759347052    1.33866543061e-22    0.0    14.6947329035    16.9034391816    22.3977996971  
11147374.751    -9.27438702305    1.09277209964    0.110941858026    0.00337508445442    6.16667474982    4.16586154545    0.330819080614    5.5039323951    0.77188216645    0.94091758257    0.9768    -0.595775969658    1.01097043768    1.55626535177e-22    0.0    19.7299302859    21.3461625263    29.0676590678  
21157513.5536    -8.75807315274    1.2634679475    0.191244156868    0.0026384280397    2.38317171721    5.05135723828    0.369882212439    0.530084137573    -0.064359159823    0.749821727395    0.9807    -0.366116289863    1.39686175018    8.66636642482e-23    0.0    15.3580454957    15.3508209146    21.7144482822  
48533373.4313    -8.72122104957    1.0806534328    0.00331237058578    0.00366898055848    2.96960962782    3.57580079623    0.672304954766    5.75344962772    0.964063717806    6.00924119813    0.998    -0.95304375486    2.89753119755    8.42240718057e-23    0.0    18.8719065408    18.8542035313    26.6763911968  
46948036.6742    -9.10366781122    1.62891156574    0.127831858538    0.00194647845396    4.02691298638    5.74491531244    -0.309181053471    4.44192458559    0.578261623951    4.34756637838    0.9808    0.539641631402    4.95869844344    1.22119634306e-22    0.0    19.5021281085    16.9988497889    25.8707150057  
37861346.7073    -8.80175465117    1.35794155465    0.160668123183    0.00247641217963    5.22452681359    2.90898023398    -0.0469048483621    3.32061913903    0.270869636959    2.24244952359    0.9826    -0.600086006362    1.42923681628    8.97948875041e-23    0.0    16.3677456246    15.2975696201    22.4035428697  
42038963.0804    -9.58725720096    0.409185721766    0.0773134775591    0.00686127512003    6.18207331235    1.36724449758    -0.822100110745    4.72405606642    0.852472249074    6.28144117836    0.9895    -0.941296466496    4.36125728171    3.15128310912e-22    0.0    55.9947380933    50.8030146557    75.6065935765  
44613837.9209    -8.9053381832    0.95456144351    0.160500397246    0.00370748394779    3.09769576297    3.31908912524    0.677151915896    5.44826525907    0.888743275328    1.35680205431    0.9839    0.712713964009    3.968834693    9.84638607375e-23    0.0    16.1405932187    15.9813609937    22.713930718  
52896388.297    -9.19312918218    0.698776377322    0.104993155078    0.00502907786149    4.07331363882    2.51996127065    -0.324704626998    1.12524568072    0.963557202833    6.18105012831    0.9927    -0.534998895488    1.47149362838    1.37541417512e-22    0.0    29.1960198968    30.4193769489    42.1633261469  
47492463.5779    -9.32285691084    1.96902038521    0.116167888256    0.00139913019319    3.68506879935    0.697894092513    0.362848871452    4.10514702359    -0.389513829561    0.809619945311    0.9954    0.807323240006    2.46453738759    1.68950714712e-22    0.0    32.4789380343    35.1264338044    47.8408587679  
28590548.1622    -9.22006832505    0.630851219801    0.0362421867675    0.00564857748374    5.53684817354    4.24828740018    -0.023987905309    5.26985511184    0.904367951329    4.19016106347    0.967    0.903500321567    5.56469200627    1.43037449799e-22    0.0    18.250334122    19.5770706421    26.7644613338  
50636591.6586    -9.04086844985    0.470189535269    0.145179457041    0.00610560945069    1.1287622935    5.20563556957    -0.139501210127    0.357221476898    0.702209642896    1.83190210384    0.9786    0.281366835554    4.37953204878    1.13338672325e-22    0.0    16.1287341575    16.0800729464    22.7750919095  
15264405.0877    -8.76679089037    1.67013656064    0.104709036028    0.00190428018672    3.32631964081    3.25651500414    0.279091628889    5.62262130943    -0.298674707791    1.75746509541    0.9793    -0.0361647977554    1.06725046454    8.72683658307e-23    0.0    16.7391833143    16.8546606874    23.7545752418  
43591173.8919    -9.47099914614    0.958329774071    0.078600960607    0.00395831672546    5.08454500031    0.573383208703    0.677237611167    2.3368738327    -0.981683155825    0.477316461759    0.998    0.0306740771098    3.76234853943    2.28778062772e-22    0.0    17.5485523369    24.8847086678    30.449965757  
14281467.9992    -9.31489617814    1.47708989422    0.0574242197396    0.00239110082908    5.12878371485    4.3197592927    -0.96348397152    1.1099084875    -0.856940299222    2.80835439523    0.9964    0.316724078887    4.77968911939    1.66595403605e-22    0.0    25.5813237602    25.229248901    35.9293629979  
55257777.6288    -9.05704718407    0.727327651593    0.0861862731726    0.004959187526    3.62457124148    3.10210330939    0.879904717355    0.636985877266    0.992420474268    6.05792930739    0.9679    -0.946393585557    4.96002650548    1.15472181439e-22    0.0    25.7243200003    25.6445919431    36.3233497272  
14266215.6601    -9.00983980533    1.49455338891    0.0680665707683    0.00233279459151    0.0219918334509    2.3184584591    -0.966262699359    0.809972593405    0.783945847401    2.71571634274    0.9959    0.334700196452    3.38583238177    1.09494671374e-22    0.0    15.0756743372    15.2542793865    21.4468878004  
37224761.8675    -9.14216273859    1.45548515192    0.171934819744    0.00222142450414    2.34349279469    0.858660797529    -0.325716965296    6.26691060385    0.756795292361    3.13852017718    0.9957    0.424643373346    2.53487989253    1.28275631929e-22    0.0    28.9814531008    28.6340230011    40.7410345605  
19313312.3082    -9.37223152534    0.92262642544    0.129847466946    0.00393750955982    3.62966340906    3.87162549914    0.686734602609    2.36252286352    0.601275410444    2.90028825015    0.9916    -0.727956751989    4.5757289787    1.85096677747e-22    0.0    16.8998368969    19.9186066348    26.1219328805  
52373693.6303    -9.46997691247    0.30564809984    0.128874112544    0.00730367383965    5.39349069546    4.27957077691    0.31815001124    0.0139743637247    -0.390066371786    3.35479136423    0.9677    -0.992470500687    2.37331249319    2.28258694936e-22    0.0    34.9315629256    34.3392948333    48.9836835903  
38760796.608    -9.31156602629    -0.517302780622    0.0630262936756    0.0175032183156    6.21573947851    2.27664307047    0.0646466721241    3.63070220367    0.258816088398    3.92649344968    0.9787    -0.552915715597    4.74270190137    1.65631302798e-22    0.0    17.2473545554    17.3359547032    24.4541727447  
40633237.5296    -9.09770897564    0.62081192636    0.0408320519993    0.00568963315746    2.17842459294    0.833129296706    -0.444230594405    0.840073209336    -0.848001834709    5.29180105326    0.9873    0.682579413702    1.55797427471    1.21227902794e-22    0.0    15.2024285133    15.5065200312    21.7155703627  
53898704.8782    -9.54742082879    -0.510695372824    0.175759759043    0.0158071824994    3.48716517655    3.44486091376    -0.950628393185    1.8992749882    0.572536543492    5.19606552925    0.9763    -0.388171086871    2.37475811968    2.7927451012e-22    0.0    16.260261061    15.6355581512    22.5580754602  
62999739.4249    -8.93000175072    1.53501723843    0.156819003168    0.00208223832128    0.934381461745    5.31582291907    -0.74185524066    1.48463945017    -0.00350366603675    2.34644990132    0.998    -0.468420759947    5.03607845305    1.00834074014e-22    0.0    15.3777225128    14.1726028896    20.9126043894  
51033719.123    -9.02057843552    1.38411282419    0.187543609016    0.00234775520856    6.02455630582    4.77972460404    0.527256568451    1.16484693115    -0.125372885373    4.78397639599    0.974    -0.705562492422    5.41562459773    1.1078960556e-22    0.0    17.4893268511    16.627480855    24.1319222874  
13397325.6597    -8.47762427115    1.43085990103    0.00153041080398    0.00258728893481    2.09056634064    5.57171375015    -0.23057920763    2.25194468519    -0.91268372564    5.7307996513    0.9944    0.232116482266    5.20782112676    7.1631087766e-23    0.0    15.4523076623    15.7830350216    22.0879606706  
57140000.0958    -9.17129237138    0.320654157473    0.0602664218756    0.00758590816101    3.0571019821    5.5095074632    0.63660867576    0.935951205215    0.907248944327    1.05827521582    0.9687    0.661576386942    2.93286312954    1.33406729312e-22    0.0    15.3396862591    14.7116659161    21.2541546186  
25421920.6308    -9.05856951183    0.647977947686    0.0527657930585    0.00549547667014    2.83837811487    3.84435447139    -0.00579973087652    1.91433598914    -0.276647482602    5.17834903622    0.9799    -0.990927599898    3.5485064301    1.15669210033e-22    0.0    17.6395188259    17.6519974253    24.9548720195  
50715160.2817    -8.59570621048    1.42376256318    0.0224225095116    0.00257681087032    2.19016446926    4.92764515011    0.80748857692    5.02556153997    0.976353579349    3.21973482392    0.9776    -0.976898714557    2.26811642726    7.70661804947e-23    0.0    14.463298096    14.9668829629    20.8133269191  
46413641.8939    -9.20359283769    0.290656276249    0.12195110665    0.0074583802659    3.72864721893    1.95043791676    0.459737876533    5.14750770741    0.0492763631581    0.801557078674    0.998    0.739479690986    5.58707286564    1.39618458811e-22    0.0    14.3202727136    14.5177887044    20.3920670717  
46233159.337    -9.25865261488    -0.0927521351954    0.0723552602254    0.0113744469449    5.56168804489    2.05449917654    -0.429008579414    4.56077749481    0.917439416766    0.886424414387    0.9944    0.01075957109    4.87688188092    1.5175049099e-22    0.0    20.6889061252    17.5501414306    27.1300258181  
8350149.14522    -9.22951296462    1.19014509819    0.0189428802429    0.00326126090802    5.05667926596    2.09362831723    -0.38237575514    0.83448498635    0.246819007743    6.22541979651    0.9978    -0.608163067468    6.24715898735    1.45070209113e-22    0.0    23.9895350979    23.7725609601    33.7732504923  
58823061.3323    -9.51243658186    0.78288188594    0.125828402102    0.00454390763475    4.57463393718    4.86006899447    -0.10153805784    1.62878612466    0.563070281925    4.82474707578    0.9799    -0.58133953269    5.16030074769    2.53760268581e-22    0.0    50.2040678911    46.7418150171    68.5947935626  
2825954.58968    -9.72326372797    0.346631659216    0.195315179585    0.00657092836888    5.84974186967    0.909082334659    -0.975776707567    0.996063293615    0.250015561279    1.76657188852    0.9943    0.0329341867972    3.84210255367    5.50605915884e-22    0.0    40.3176794252    38.723537347    55.9019464678  
22278723.2255    -9.30407291419    0.415138763341    0.0807503558873    0.00680355953481    2.64515459598    1.78041506362    -0.306382781642    0.845512230366    0.3311256998    3.84416512803    0.998    -0.156403321036    6.27921125371    1.63523970041e-22    0.0    19.1144670228    20.9480036937    28.3580977556  
45966917.7462    -9.36398441264    1.30043844556    0.0746077350024    0.00281955821014    6.27251964623    4.59512775761    0.551928825101    4.31120618405    0.702067234806    0.56480769612    0.9816    -0.637452611489    2.77270614234    1.82209362694e-22    0.0    35.1228388611    35.7543494816    50.1197298129  
55117699.3527    -8.94288582408    0.658894013709    0.0863749776853    0.00530969627247    3.12852248424    1.92734477457    -0.041361701382    3.85347289533    -0.5711479525    1.02743377174    0.9735    0.0893564635221    4.43026182833    1.0212089963e-22    0.0    14.5697447174    15.2050382315    21.0587428103  
28021702.6412    -9.60033873033    -0.92028370527    0.0558887494965    0.026315096497    4.47113261645    0.245008978131    0.605899960694    3.11535356515    0.986004642391    3.39899622244    0.998    0.170069858443    5.45413266688    3.28934524487e-22    0.0    19.0554373895    17.8879208888    26.1359409211  
42031741.6305    -8.96479939316    1.80669367186    0.123697523148    0.00163527117072    3.63208349105    2.45728349818    0.234893874281    1.3978308149    0.112656658043    4.92958267598    0.9926    0.70887611348    2.61803660271    1.04405781538e-22    0.0    18.8683252867    18.0264616022    26.0953447384  
24461959.7853    -9.14645073188    0.226221889152    0.191455024594    0.00744248350456    5.75065578752    2.74507884087    -0.327315133095    1.82532498193    0.733798429883    1.94195644627    0.9806    -0.119157988504    4.42155751364    1.29002727535e-22    0.0    14.7260954479    13.6703030803    20.0931598672  
8397709.29333    -9.08772509449    0.675235699808    0.180624930382    0.0048044906778    0.784413489025    0.666844809114    0.114555427911    4.59997493767    0.7109838624    2.26124684679    0.9924    0.165615498496    5.43571003991    1.19752795714e-22    0.0    15.5304548393    15.3640795648    21.8460515514  
57256250.523    -9.02408835668    1.95325581566    0.117828972847    0.00141938663359    1.81238887733    5.45935337781    0.406250256503    2.06946678066    -0.663287878184    0.948079062913    0.9978    0.0439053780761    0.428558560635    1.11223914245e-22    0.0    17.2066656388    19.3013563181    25.8575269143  
49271045.6988    -9.14248485165    0.70636236661    0.15511924901    0.00477656341336    0.168182055102    5.29456528474    0.030835494006    1.14158139325    0.810670469511    1.81204239127    0.9668    -0.767499511681    4.02088784996    1.28335615259e-22    0.0    19.0953722546    18.8732745274    26.848346931  
18525469.0056    -9.08043181276    0.833578563639    0.0115606706659    0.00467715833247    0.683584496839    5.21982789297    -0.584272682321    2.74898628671    0.647040386557    0.609645846539    0.9716    0.283369156515    5.58049338    1.18700945156e-22    0.0    21.6750303229    21.0979366508    30.2478076961  
18351513.9686    -9.75970449829    -0.0381902356674    0.124871337906    0.0103365324966    2.0116575346    5.1454758882    0.532041995832    4.15934758054    0.879207533159    2.95056914331    0.9799    -0.547723908112    2.7523196386    6.82856819095e-22    0.0    54.2450675215    58.8726933011    80.0532408271  
34745564.8351    -8.84053420334    1.49369795252    0.100300101472    0.00227970155113    3.05062410454    0.763865159646    0.772378573402    3.74204267862    0.641227092366    1.71716694238    0.9952    -0.250836220829    1.49801729925    9.28170807858e-23    0.0    15.1581838276    15.989030622    22.0322408571  
55541921.3562    -8.91566617676    1.34948842632    0.0784053652995    0.00267728137486    4.7137489147    4.49370090804    -0.224941408685    0.200021182499    -0.0803170695867    4.28295328076    0.9708    0.158724524257    2.0574678622    9.94423289305e-23    0.0    17.2505730348    15.2147851477    23.001564232  
20842916.6773    -8.78748657026    1.57023195356    0.107052185174    0.00210039271109    1.2174448235    4.08197955933    0.806234467988    0.587180238711    -0.255827579013    4.93759271212    0.979    -0.174846476516    2.03038342388    8.87392980636e-23    0.0    16.9801176256    16.9760106621    24.0106087507  
48304808.7161    -9.21580011667    0.370552400992    0.165640300209    0.00661501351607    2.24917798649    5.39570906801    -0.0169236986463    3.34454659547    0.86072713774    4.91890849384    0.9975    0.347044496382    3.51993832456    1.42134234653e-22    0.0    26.1643071441    25.1391729772    36.2842801541  
34150193.8996    -9.23469784448    1.17805246306    0.00140612198434    0.00333169333456    0.961748380249    0.810569293337    0.222429203979    1.14308590367    0.835749512187    3.3123203393    0.9784    0.92724154516    2.48217456834    1.4622062973e-22    0.0    20.1735082081    20.7393006971    28.9324908507  
60586166.69    -9.03812815335    0.659669482815    0.0587843125235    0.00541010909978    4.86225079781    4.47981772477    -0.0523452070576    3.13695431137    0.0872851120351    1.88220187362    0.9681    0.225721336004    5.22212546907    1.1299321476e-22    0.0    17.1362092577    15.1944389959    22.9024156831  
17748890.2647    -9.06613082393    0.494432740693    0.053644883951    0.00640384080401    0.847627160776    2.94293764373    -0.431578632407    2.74749429915    -0.276455282776    3.11909002603    0.9934    -0.478448155454    1.87023629514    1.16699497129e-22    0.0    15.4147475971    15.0578487198    21.5488573143  
49049389.6817    -9.58725720096    1.55034689385    0.147591283965    0.00206848902239    1.91812370478    3.547535036    -0.839329540879    3.71122313315    0.769205150714    0.723099282248    0.998    0.325968539513    6.13132036003    3.15128310912e-22    0.0    65.0377497931    65.1134046662    92.0307794456  
33905357.0937    -9.06830784654    1.62881171999    0.120233251034    0.00195940679446    3.18572545673    2.5469225567    0.287508479391    1.85166595263    0.347118053754    2.34289954677    0.9784    -0.549376499892    5.49474376159    1.17002942421e-22    0.0    17.891025797    16.7871254841    24.533576708  
43120322.56    -9.1190142937    2.29881440693    0.0445746129252    0.00106005197407    1.42170872281    2.94349498009    0.174915008959    1.78549782104    0.516789269211    2.06752890672    0.9744    0.998539238009    1.80777249039    1.24499169659e-22    0.0    16.865491223    16.0392291166    23.2744852757  
18301751.4285    -9.15648146519    0.656675684133    0.0817692080877    0.00533966543238    2.62116807353    1.80234232195    0.282265433466    0.160462773308    0.361425534367    3.50533875604    0.9705    -0.640049363551    3.48798103656    1.30745999027e-22    0.0    16.3546138128    16.2745596144    23.072379236  
17432237.5061    -8.69787809964    1.70151721436    0.0346139797264    0.00193811454832    4.88048726934    5.13399529915    -0.176666539394    3.0427178772    -0.563406869945    4.54765693607    0.9716    0.915698802448    4.42470223593    8.2764583625e-23    0.0    14.1771656259    14.1753770855    20.048275255  
51940381.0054    -8.93298326754    1.19378597145    0.17501577024    0.00287697217316    3.41625701968    0.74546103476    0.100543658164    0.814730155945    0.56670101934    1.07496284905    0.9807    0.45134620072    0.9699227836    1.0112622459e-22    0.0    16.7993440032    17.8144438579    24.4861668887  
28176594.9158    -9.06404362959    1.16749323113    0.00615414581037    0.00335890505767    6.17963388603    5.08041093901    0.59252402552    3.12784118981    -0.524990263448    5.44651766856    0.9928    -0.871876920017    3.57487804396    1.16413119036e-22    0.0    16.4854725937    16.3842782885    23.242533891  
46060744.1231    -9.52537892513    -0.118628044717    0.158009925699    0.0108693428549    1.59071943997    4.8064716265    0.578381726321    6.21655355526    -0.149738388861    2.20842643246    0.9888    0.101368729691    3.3008564533    2.62634172326e-22    0.0    21.1420276961    20.3586139127    29.3506132057  
30842962.9787    -8.92810566315    0.661009956619    0.0388964260696    0.00547194823917    0.943583415285    1.1294427223    0.906087091893    1.87200181981    0.0995312559443    2.65646988006    0.968    0.206367572086    5.78147860011    1.00645057337e-22    0.0    15.8168656493    16.0212824864    22.5134344665  
62138744.2211    -8.93201329917    1.34143061024    0.0833473987736    0.00268920752369    0.787948195913    3.44141274307    -0.496764297364    4.06025621417    0.0826021033655    4.1315654917    0.9836    -0.381729555501    0.898411999476    1.01030719801e-22    0.0    15.7929857367    16.4232774195    22.7846974892  
52062600.0935    -8.95884482226    1.79445782054    0.176292570475    0.00157580968847    4.11523592026    3.98580276876    0.0925386161673    0.298411784513    -0.428926139052    5.16104677943    0.9882    -0.63037924367    2.68239822826    1.03772248982e-22    0.0    19.0017674402    18.8415993712    26.7595409661  
29301314.7716    -8.90719154977    1.38858743504    0.0250154242314    0.00266514048251    2.69002683194    3.30292641218    0.796023824579    1.32265819342    0.519611621878    4.97859291489    0.9965    -0.950215064556    0.185137270445    9.86344877222e-23    0.0    17.5711944915    16.9691178978    24.4273993313  
36722581.6168    -9.16505917369    1.22236269782    0.192731924755    0.00274477667111    0.903045671165    2.34750999038    0.707480182277    3.66649012886    0.557188635099    4.09588203132    0.9703    -0.336796008593    3.10948054972    1.32272346004e-22    0.0    24.7942559546    26.5600903371    36.33446748  
60105476.8139    -9.02000821719    0.422893249177    0.0564946481203    0.0068658921643    3.22937568834    3.13901189915    -0.826772695879    3.69364020824    0.605740593452    1.17999741396    0.9776    -0.0445797029657    3.90731562101    1.10721209421e-22    0.0    14.8115435723    14.1510172534    20.484948433  
21035473.304    -8.77132130411    0.956179679748    0.111351661432    0.00386776504233    3.54837161502    1.30893405285    0.886714849306    6.27767084644    -0.853728272136    3.58852329242    0.9705    0.562386359946    0.0467762418037    8.75837447173e-23    0.0    14.7515854401    14.6517301546    20.791403741  
14228098.8712    -8.79266323511    1.57449588758    0.04584209902    0.00218548958262    3.44243506656    5.82550693261    0.730163208224    4.40435576315    -0.771568860578    5.3599346613    0.9759    0.913831731894    4.6075541072    8.91205430141e-23    0.0    17.6356247731    17.4839525526    24.8335228673  
24832947.3998    -9.04340784301    1.17592531671    0.0466127211744    0.00325412647385    5.37618125967    3.73054639299    -0.523333363614    4.27367550104    0.675834500314    1.21549643541    0.9799    -0.199147912405    1.88253199729    1.13672460385e-22    0.0    21.5704437241    21.0192970201    30.1180160315  
11286968.8242    -9.15071078648    1.64380812948    0.0324896782875    0.00205584955235    4.63966699299    2.58254566824    -0.107219018051    4.17440342953    0.624816374978    0.291332207842    0.9684    -0.743787273053    1.25480104372    1.29737459066e-22    0.0    19.1872487062    20.5389232287    28.1069009374  
14396868.6646    -8.89482830803    1.30078822524    0.0172541362979    0.00292239008895    1.44083561062    0.410802079059    0.0413244298645    2.77478149217    -0.0655566253572    2.01315494971    0.9933    0.790008549062    6.23173131979    9.74925632088e-23    0.0    14.3463328774    14.3667618512    20.3032291303  
27080522.1252    -9.13364152155    0.55126163809    0.0342280008248    0.00612391684604    4.07321167233    2.47949259384    -0.131854373458    4.37971990927    -0.227591615559    4.87520211076    0.9936    -0.375926416697    3.04219589758    1.2686221957e-22    0.0    20.732046128    20.6306580449    29.2479364745  
46493418.0085    -9.47387979339    0.64160677864    0.171771595143    0.00501378407984    1.08041067602    3.0723068673    -0.456682829143    3.5155042863    -0.508897597671    0.435098932513    0.9798    0.12837017262    5.56611557133    2.30365701049e-22    0.0    29.9526481428    31.9393105103    43.7867638293  
35201781.3782    -9.4884738791    -1.17268781575    0.0255989057865    0.0345082488791    5.61340115121    3.15108671633    -0.476849026761    0.566535137162    -0.0925709481361    4.31383941292    0.998    0.652934021856    1.8782747807    2.38719530736e-22    0.0    20.4058046424    20.799930381    29.1381874344  
26375643.5727    -9.01028327325    0.990534561149    0.160646240449    0.00357597911129    5.7275246215    3.84932811715    -0.298008296415    4.31325113666    -0.0640597788913    3.24327248659    0.997    0.640863532452    4.23127645499    1.09546142915e-22    0.0    18.5112274882    18.1592410144    25.9311314319  
46903186.7203    -8.97744011984    1.23130114846    0.126120554459    0.00290117466176    4.14057415806    5.85825973015    0.734071648022    4.11190763363    -0.0397931636628    4.57901621569    0.998    0.702619338515    0.40358891408    1.05781659978e-22    0.0    19.536429136    20.0398411291    27.9869129392  
48631944.794    -8.96746158583    1.61291691647    0.102150638061    0.00202053579764    0.0669653278834    1.36659063642    -0.598324073831    0.982924623438    -0.670218882577    2.76093965013    0.976    0.145146636836    2.46568018729    1.04694117025e-22    0.0    15.3187546204    15.8849809716    22.0680054284  
16606062.8062    -8.79529417451    1.69689531873    0.0500996946613    0.00192847783591    3.5793638552    4.91594252763    0.0669712407663    2.67730855125    0.190917080281    1.54628502054    0.9954    0.960971957302    2.40457357383    8.93158718629e-23    0.0    15.2861851405    15.6592133863    21.8832908866  
20606378.4236    -9.11694845563    1.8898688059    0.0333316149929    0.00160661402932    0.559442012792    3.87104060134    0.745438368455    5.33988579027    0.635376761076    1.89561478276    0.9769    -0.464847057453    4.72250686636    1.24171355118e-22    0.0    20.7056931327    20.8803212935    29.4060120626  
51685173.4453    -9.65644498522    0.309834072784    0.0843879228096    0.00753887766483    0.839089812906    4.57612664764    0.680805060612    1.11148546026    0.898963017807    1.18579039742    0.9784    -0.0981284581521    4.27183554708    4.03918064058e-22    0.0    75.3251546186    74.9031980391    106.227905914  
28532817.5662    -9.38089764524    -0.350619427533    0.0589052810961    0.0148570933711    5.38328238264    2.24548118638    -0.276435090847    3.30231410191    0.698211619793    4.20297959626    0.9904    -0.423956722515    5.54543106854    1.88277754711e-22    0.0    17.5848123047    15.8847890806    23.69709155  
37617784.053    -9.03192799295    0.609686566945    0.0716041537467    0.00563761121826    3.9222402492    0.450446724828    0.42402504426    0.254979501858    0.0122960169305    1.13618990492    0.998    0.689039648232    4.56305861141    1.12206370814e-22    0.0    16.7559104267    15.1829620785    22.6115649991  
17625584.2557    -9.62225620692    -0.12179011323    0.0906105943324    0.0115539606106    2.19054209963    5.79790749034    0.630301063201    1.26868232869    0.476259911669    0.180512971813    0.9698    -0.551484050224    0.6264727283    3.54862267907e-22    0.0    28.2746081057    25.9200639559    38.3575700352  
44651833.5046    -9.18810671545    0.396864251158    0.0786732628119    0.00693951576606    4.27474820101    1.50896612223    0.532319330616    5.36914532075    0.0345894257837    3.77758934276    0.9837    0.817512223354    2.26668508607    1.36559828893e-22    0.0    23.5964737496    25.008458318    34.3833762283  
43424743.0377    -9.08017231963    0.511936660764    0.0023750726871    0.00648250376988    3.95851813213    4.57046887897    -0.357012494585    5.76829047736    -0.693476856642    1.22986418652    0.9761    -0.706022568376    6.0133188025    1.18668090825e-22    0.0    15.8828718914    17.1546240346    23.3783392328  
26061671.3437    -9.52335613433    0.95294552177    0.0674544121759    0.00401123488255    4.13452456886    0.47533207904    0.204647650053    3.03845178365    0.664329446919    1.49890024594    0.9765    0.386858316899    4.72071325046    2.61230635522e-22    0.0    40.2843356285    33.6199644728    52.4702745198  
14000815.3919    -9.5195911709    0.820627706211    0.136892765734    0.00433319201573    2.53094572896    1.57096321366    -0.840547523638    5.57032701792    -0.905986191272    2.61142323596    0.987    0.964655501518    1.54112040477    2.58593273104e-22    0.0    26.0381013147    32.6893029958    41.7920237657  
62488330.8234    -9.35785767929    1.33672904363    0.00882511694424    0.00283201098743    5.39595933024    0.951552217252    -0.915285103915    5.12619241269    -0.109980740783    2.85493130406    0.9819    -0.266656043359    6.26987741964    1.80087894253e-22    0.0    40.245716117    38.2552004357    55.5263723482  
28346663.2294    -9.10837161399    1.04902200673    0.148926366409    0.00341064022352    2.15084179455    4.82226873879    0.878560369184    2.36505526555    0.140331605847    0.342951909878    0.9859    -0.81162623562    0.794431607722    1.22837183766e-22    0.0    17.0587920014    16.94692464    24.0458029457  
20689354.3324    -9.0285547535    1.49195653639    0.114854781433    0.00225693568729    4.03013682482    3.88921561699    0.542840946928    5.59233433215    0.822956844044    1.11984291918    0.9809    -0.32824371464    5.36693531318    1.11779822369e-22    0.0    20.1640281116    19.2749212087    27.8946342024  
8563999.55953    -9.16158172658    0.821966719625    0.127917032664    0.00436183395601    1.06491391243    6.03132502204    0.027150235073    1.27617343355    0.728888007951    2.80011018228    0.9681    0.403446585427    0.913510137769    1.31643708311e-22    0.0    19.8059816306    19.0593353229    27.4870000419  
39703144.3797    -8.9839780099    0.882138596561    0.178421274082    0.00391538672426    0.996723046433    1.28866316493    0.549324351024    5.35319286853    -0.208659094212    3.70423949165    0.9699    0.802169854784    3.62267877666    1.06510842316e-22    0.0    14.2102404105    15.0730888736    20.7154276016  
17002051.3931    -9.21550301342    0.649922817508    0.00705906922867    0.00563341626694    4.93697513877    4.38654141944    -0.271440830803    2.63475882581    0.798979511274    5.49855884739    0.9867    -0.914046312021    4.36927981941    1.42067802219e-22    0.0    19.2445172349    18.2167350485    26.4990731806  
59081663.3407    -9.24581217138    1.70482201388    0.126466248284    0.00180632768592    4.36336435807    4.25209821583    -0.917386040042    3.71233766783    -0.729440506296    4.35520652981    0.9756    0.772425955632    1.69083666476    1.48725948841e-22    0.0    30.4242181469    30.8858764694    43.3540126762  
40762570.1294    -8.94628423387    0.982232428609    0.00771899046681    0.0040392646769    5.29533215733    1.09663611701    -0.55822413952    2.32584801856    0.960417278889    4.49998502935    0.9725    0.851983593345    5.90573737694    1.02466833599e-22    0.0    18.9983124464    19.4917581657    27.2188264295  
52207089.9422    -9.04972176083    0.939122631085    0.0231104008358    0.00418206066685    1.04827250538    5.58729687026    -0.34188864568    4.85919802658    0.871815396131    3.77937723168    0.975    0.260114335939    0.625416542474    1.14495352061e-22    0.0    15.0878895468    14.6054575456    20.9991381035  
22821486.2212    -8.85800654348    1.60470986058    0.106388130925    0.00203029702537    1.47984823147    4.66389940277    -0.242900172198    3.58058455124    0.412955062412    1.94153367745    0.9926    0.102907196705    3.79276171178    9.42642247548e-23    0.0    14.3495247514    14.515307351    20.4108551532  
23696196.5102    -9.29320499638    1.91623975333    0.117807657055    0.00147293762028    6.27859563373    0.465090983229    -0.780060785819    6.22146068705    -0.0226017484534    2.0627194245    0.9762    0.913860037516    2.21211494883    1.60521703248e-22    0.0    14.6655782389    13.9189521462    20.2192090332  
43821446.8078    -8.98091906403    1.25292038179    0.11668585841    0.00286199245177    5.97120721848    4.69045831122    0.720687613585    5.94363975007    0.734070118073    5.99926652797    0.994    -0.467147450694    1.35861776899    1.0616704733e-22    0.0    16.3652095648    15.0831303835    22.2558061248  
52362589.0272    -9.17366361407    0.927546930386    0.0768797551714    0.00408713582135    0.134930177132    2.85433475273    -0.65270940586    0.902723195555    0.831218755732    2.66600537005    0.9809    -0.907732692243    5.99389027332    1.33847253103e-22    0.0    20.2237441535    22.7113908459    30.4106412583  
19159622.9968    -9.5392434941    1.33563564161    0.12842761732    0.00260851016224    0.792620187832    2.18784643294    0.1245779456    0.124516775001    0.213929987534    5.43572632825    0.968    0.905698921102    4.51009074112    2.72929337739e-22    0.0    62.2239108368    60.5034414675    86.7898698538  
60670822.9195    -9.23258037457    0.824650794612    0.191350099904    0.00409140138263    1.32384871564    4.89959165437    -0.306066799668    3.45123924474    -0.15576679206    1.9886022936    0.996    -0.654957388009    5.05491032371    1.45752879219e-22    0.0    24.317250573    22.43602435    33.0863093146  
23329249.8646    -8.62695748546    1.64464435588    0.0519541922784    0.00202949216779    4.34745556822    3.4254429021    -0.413643398953    3.5996970915    0.229336857323    0.57702403266    0.9949    0.679652760036    2.04580275985    7.86992153737e-23    0.0    15.1790379256    15.2056328914    21.4852150089  
57336519.2667    -9.15029324025    0.310338131331    0.0509433362168    0.00771175019423    1.74930532    5.61492750427    -0.330430270221    1.01653808574    -0.226909930184    4.99908580063    0.984    0.36951579117    1.10701617759    1.29670923562e-22    0.0    13.7800115499    15.0685210549    20.4193301824  
53871281.2817    -9.11874459442    0.650663438138    0.0900509045644    0.00533879152501    6.22395348623    3.28485046073    0.00427344315351    0.0791473318915    -0.895121506608    3.47564139877    0.9922    -0.191688376472    6.04898446786    1.24454148904e-22    0.0    24.8686686772    23.0572670885    33.9129510271  
11747679.765    -8.96807991944    2.21189174108    0.144106850571    0.00107089285175    2.80858193404    2.69280922696    0.401643221743    4.27771099581    -0.456007263159    0.810350986299    0.9831    -0.752486778158    5.20523884178    1.04763995499e-22    0.0    16.5518281002    16.8112286916    23.591956756  
35065980.8415    -9.41827182548    0.719549821952    0.00451727647208    0.00526142360952    5.96670076595    4.73798939528    0.856935841081    4.93015985601    -0.941886881463    2.96476369234    0.9931    -0.517609489335    0.507590312518    2.03245834711e-22    0.0    26.3967039089    25.3274817428    36.5823360201  
9153365.53028    -9.28023299099    1.44958328386    0.121252252007    0.00234200136521    5.11031858082    0.532162017966    0.991278652159    5.00788954881    -0.819652226343    1.53435768255    0.9949    0.311895193534    3.58002955041    1.57118193576e-22    0.0    17.2195266869    16.8629557071    24.1012732962  
22785489.7255    -9.19691265584    0.882883847247    0.16586902446    0.00396214312003    5.03075548644    0.883695711526    0.298559191155    3.88795002174    0.8886515765    1.9478019691    0.9931    0.634591228021    3.1175381809    1.38295977423e-22    0.0    21.8859647057    23.826047425    32.3523722004  
61369255.7373    -9.07943745458    1.13436950093    0.180081525669    0.00303732572108    0.307217982357    6.22657298552    -0.00183082653179    1.21945064056    0.815096835001    5.85058532878    0.993    0.548558353761    0.627618074143    1.18559538249e-22    0.0    21.3972692785    21.6861563565    30.4652672743  
59174669.835    -8.99614918678    1.96415585587    0.07989161266    0.00144636756853    3.53873758808    3.88608410315    -0.300064829464    1.60402459379    0.488784843868    3.64707293755    0.9802    -0.132179386395    5.16239291547    1.07890623284e-22    0.0    16.1898388938    14.3613484231    21.6416083492  
31525800.642    -9.31314783043    0.264685122392    0.17008760308    0.00732137917204    1.9946379314    0.922962611944    -0.991667509382    0.132316164427    -0.307156526006    3.10471908726    0.984    -0.393870464289    5.11117133225    1.66105867945e-22    0.0    15.7297584734    15.6408539086    22.1824618251  
55157402.4569    -9.11739718797    1.33219448106    0.0070684552435    0.00284749457356    4.46931084363    1.12726468914    0.991721273378    1.42319608039    -0.270106530886    3.73723374625    0.998    -0.567804258015    4.86503930052    1.24238580518e-22    0.0    18.7709252614    18.511466999    26.3632707687  
61890752.4445    -9.01177638303    1.39245435966    0.0291774106927    0.00264848798296    1.0901617464    6.13543936265    0.736770210362    1.90443314675    0.357226084701    5.5438795545    0.9731    -0.973345612931    5.22704205302    1.09724030887e-22    0.0    18.1671024285    18.3119265748    25.7947720581  
16686853.9114    -9.01655313988    0.549997145985    0.0664903485165    0.00600572749255    5.34124446306    1.59028245528    0.237572942416    5.14124837891    -0.208365688296    3.75272206664    0.9956    0.147625421536    3.0041453244    1.10300122604e-22    0.0    14.8285563238    14.5489863142    20.7740002267  
23937801.7177    -9.17086614419    -0.00934057618651    0.0285293122568    0.0107635018122    5.19111214248    0.156894935802    -0.0126528695337    5.34316437283    0.719370969545    1.19809433019    0.9684    0.176845558729    5.40910154895    1.33329792553e-22    0.0    14.1366413779    16.0376920343    21.3787790866  
36178535.8744    -8.81089644453    1.45656074364    0.135734205726    0.00229655063725    2.64488036172    3.30850451136    -0.217884532177    3.83258732965    -0.152012059798    2.6841983785    0.9807    0.628402481093    1.76975574008    9.04861784292e-23    0.0    14.0166604871    14.9768567367    20.5127523488  
54717731.6919    -9.02355699618    1.64662232475    0.140106088563    0.00189158070585    4.66161612145    2.96175745603    0.0736309362473    4.82436845825    -0.754835752477    2.80875428319    0.9817    -0.687466981432    3.57784935458    1.11161553452e-22    0.0    17.0820450702    15.5256592208    23.0833783927  
52819809.8256    -8.76442297918    1.41898985309    0.1011503952    0.00245488944412    3.31872087752    2.08043501509    0.136821664731    1.07563944742    0.44663097618    1.67308699074    0.9944    -0.852326104718    5.4755829325    8.71011989601e-23    0.0    15.091363357    15.1329327136    21.3718249218  
32619822.2157    -8.81676078669    1.36181661689    0.0685022615843    0.00266312713864    1.79327618307    0.237707605679    0.80020364099    2.86106191442    -0.637387997929    3.81212075496    0.9952    0.524903113494    1.64113205188    9.09346554203e-23    0.0    15.6910705657    15.529315733    22.0764431608  
43753986.571    -9.0750825916    0.688799236735    0.0864570449172    0.00515294342819    1.25582167126    4.29017501338    -0.282906379649    5.05047664171    0.369709479353    4.08086515208    0.998    -0.770951895665    5.7777683966    1.17940599406e-22    0.0    16.5052724577    15.8380888603    22.8750754677  
48897052.1654    -9.43410200051    -1.00203538996    0.0904600503946    0.0278654580314    4.64117013751    5.88974966108    -0.0110697104337    0.350214375698    0.766963937232    2.31399273439    0.9726    0.578980751365    6.19917700423    2.10306944626e-22    0.0    14.5560745588    14.5972845105    20.6145584876  
59390342.6928    -9.58031645541    1.59597106896    0.0699353495993    0.00210506677639    4.82838269579    5.55122320997    0.994479998455    4.66212657962    0.291884289838    3.20423538007    0.9809    -0.947443478491    3.75587428051    3.08271345024e-22    0.0    44.6624993995    44.5641214968    63.0927870472  
32164184.1199    -9.28600707669    0.276859073026    0.147417898124    0.00739250968576    1.84429795362    5.45186878412    0.198125152212    2.87833729718    0.575484392212    5.32332292289    0.9795    0.267946030844    4.67321968608    1.58615017789e-22    0.0    21.5944829494    21.7577008566    30.6548404076  
21805856.333    -9.05590695716    0.353146508337    0.0984215421795    0.00714255601272    2.52826735284    0.565633063978    -0.18593137531    0.792657080922    0.839572781141    3.64695227441    0.9742    0.200664023931    4.359780987    1.15319376334e-22    0.0    17.0166523068    18.2902569006    24.9819925791  
48703616.6846    -9.23414283551    -0.179917732837    0.00298141995183    0.0129442728387    3.4299488164    3.04382745266    -0.958082978024    2.61760376343    -0.712744812519    4.44933365726    0.9707    0.48131463602    3.77229940623    1.46094534986e-22    0.0    15.0265199584    14.3517268958    20.7790367186  
49778342.8326    -8.85824897192    1.51282454543    0.179644103971    0.00208125826365    2.0518761478    5.67089216655    0.125083235489    3.9244973885    0.408396162448    4.73084110137    0.998    -0.741314075349    3.34470112009    9.42844650521e-23    0.0    14.4871405288    15.9941549972    21.5798571537  
21932878.9021    -9.14769908491    0.788876625397    0.0856496173038    0.00466502484096    2.7293331122    3.2487785597    -0.605379295762    3.85308217922    0.922919584266    3.90008276116    0.9777    0.529113167239    4.36037156511    1.29216809069e-22    0.0    15.9241312796    16.8201114787    23.162342437  
11998226.3645    -9.16144100373    1.91192096699    0.0653368669298    0.00153969324079    3.52864841015    6.05777284324    0.349087440602    5.25358265708    -0.417873749474    1.16554370832    0.9741    -0.0501215603364    1.07389364453    1.31621469435e-22    0.0    23.8989652592    24.6363787381    34.3236317686  
44260417.9948    -8.80005391487    2.1010746909    0.00466999899868    0.00132154092102    2.82873687634    4.23997352394    0.431201257295    5.90369853784    -0.403284801261    2.86598362302    0.978    -0.610259372089    5.10306117547    8.96690406442e-23    0.0    15.0416411164    14.4440902604    20.8538416347  
39018265.7718    -9.19385566242    0.906203589493    0.00447210738648    0.00436566720338    5.00555879206    4.97140552774    -0.525838652084    3.47822824351    -0.837943273222    1.17045384928    0.9695    -0.758735872828    0.492240873131    1.37679095404e-22    0.0    14.8274707782    14.4255117766    20.686935  
14729019.1448    -9.5837450302    -1.06648277121    0.0750673173083    0.0300593411088    1.83563112391    0.720804472169    0.817827833218    3.12051486773    0.998236338661    2.76825066972    0.9767    0.625652784444    3.95119525894    3.11697683046e-22    0.0    19.3995879614    18.8875389932    27.0755081631  
54971616.6357    -9.41609119587    2.47768184348    0.142147887426    0.000822420263186    1.87482124472    5.75800244954    -0.71827761724    4.61584200041    -0.973872848766    3.52335686689    0.9718    0.843758707427    2.19890758378    2.02313945749e-22    0.0    38.2872292539    37.7733413042    53.784172739  
56527923.596    -9.56714066092    1.94578480405    0.087905696013    0.00146447507051    5.43359902884    0.75135115772    -0.180143750487    2.81346234531    -0.642536291394    3.5061963793    0.998    0.76060892681    2.5031206961    2.95990072077e-22    0.0    61.949148618    61.8285826566    87.5241146646  
37285405.3986    -9.33455554452    1.72798427626    0.00562289579391    0.00191822156747    6.20658338787    2.09902140261    0.981848940577    3.69593222936    0.775682843434    0.00323583315627    0.998    -0.0250179924609    5.29175441229    1.72515111921e-22    0.0    26.9335973489    25.1795673212    36.8704390622  
46453594.0684    -8.85721040643    1.36626740646    0.0948801020042    0.00260049493891    1.93022050597    3.91409350429    0.294844306052    3.21429673185    -0.09057935214    5.72937680989    0.9923    -0.821544945142    2.73838245775    9.41947348508e-23    0.0    16.9232891428    14.6982740082    22.4151059384  
14589882.1847    -9.30960588192    0.119480073888    0.151082572278    0.00862290929689    2.16670173483    0.842534411577    -0.783274145003    1.50138463129    0.390704064406    2.02846350899    0.9903    0.423784633914    1.3476106132    1.65068832363e-22    0.0    19.6499922088    19.8682147158    27.9440181398  
44040937.8952    -8.88460553609    1.29949807172    0.115434171616    0.00273459857079    4.44298346754    2.52284543395    0.296382285325    4.0596396349    0.402271249731    3.79384688338    0.998    0.853038226995    1.61330807547    9.65703064799e-23    0.0    17.1777993776    17.8822063918    24.7961710128  
23859577.7622    -9.41978895415    0.248765851329    0.0186455293953    0.00836166583841    4.52539878115    4.37703566675    0.758588858276    3.85158411925    -0.483197915644    2.93900613415    0.9822    -0.483742594557    5.11932516588    2.03893436075e-22    0.0    20.0248622787    23.1861113149    30.6364303924  
16203349.5542    -9.37014891438    0.311760884643    0.178768793875    0.00692359739413    2.02698602907    1.44027281633    0.0518207476934    3.52673597155    0.450563400456    1.20564990021    0.9975    -0.836295807734    0.388242594129    1.84371642473e-22    0.0    19.2781204103    19.6566842656    27.5323657333  
14097986.4474    -9.40000537997    1.79677515174    0.0313133598119    0.00176546976744    0.462262300909    1.48060062296    0.872577206414    3.91212966943    -0.295905826316    1.59453581152    0.9828    0.71618138964    0.555228081822    1.9564046425e-22    0.0    38.495335958    37.5339596795    53.7651282873  
61895438.6312    -9.13236502263    1.4114023767    0.156548431895    0.00235682941306    5.07990504282    5.8150821679    0.455537245812    0.899824774012    -0.160308979774    0.943387431828    0.9813    0.257267626895    5.32645173738    1.26653594415e-22    0.0    25.7535579727    27.1757685064    37.4401942057  
2977093.73125    -9.75366526758    1.58080985268    0.0958507055304    0.0020967924181    1.74725521163    4.88449244753    -0.0167066713438    1.49736651113    0.964381828956    2.44669712168    0.968    -0.940411824882    5.8864069297    6.56998761736e-22    0.0    25.9993496541    22.1520639139    34.1566994611  
34436156.3013    -9.09003703253    0.520492628611    0.0162959518801    0.00638034431795    5.24641090283    1.00648448252    -0.296683924085    3.65940741277    0.538871025146    3.58980400335    0.998    0.388778526993    0.657536068283    1.20091679476e-22    0.0    14.8235937643    15.3064851965    21.3079192123  
20453421.8337    -8.89170750916    0.72895352639    0.00434771583627    0.00521263165262    2.59149560606    6.25249906463    -0.635620215751    2.56526793044    -0.820281877909    4.25557078515    0.9881    0.231520244457    5.89861563884    9.72074584664e-23    0.0    16.8323880517    16.1591362813    23.333387514  
33980340.1357    -9.26669729301    0.331398408627    0.0916279996278    0.00733799478183    5.43673025747    0.619007333598    0.610900819156    0.758849476036    -0.634764472622    0.75305778356    0.9702    0.980406383665    6.13791567282    1.53696513862e-22    0.0    16.6163786425    17.6517376366    24.2422746619  
47458834.887    -9.30955148828    0.364529521429    0.0240803552264    0.00742496021981    2.74201581598    1.92318409565    -0.630873917616    0.30611434527    0.990368894527    3.12643219883    0.9841    -0.52484129232    1.62421290543    1.65053036005e-22    0.0    19.691256807    19.630284186    27.8045617096  
22636340.8533    -9.04520178997    1.31942448913    0.0390912077759    0.00283233434005    1.8880842649    1.3396598653    0.98959131481    5.91439883978    0.342988292627    0.647195093109    0.9867    -0.769961448224    1.97361883242    1.13901781719e-22    0.0    14.7396366965    14.6700711797    20.7958620491  
49538313.9889    -9.09423835162    0.859606746886    0.0176271762022    0.00454204938886    1.1214604719    4.35019363087    -0.0901000066134    6.08388379183    0.485815849568    4.2201127593    0.9704    -0.00273793281275    5.81559088445    1.20704703651e-22    0.0    18.1973086991    17.4022730996    25.1789823648  
34820414.7801    -9.14124298686    1.04930785921    0.0953758849819    0.00356897443739    5.06268969534    5.07438981293    0.0607056817786    1.89576737439    0.582252337758    3.46179910115    0.9969    -0.603431567222    2.31339411918    1.28121888489e-22    0.0    20.4137038433    19.0950035718    27.952432202  
63059524.151    -9.43336299321    -0.85047705907    0.0260908892788    0.0249957441105    3.97472272441    3.73073241335    0.813316583317    0.744563378843    -0.864725552847    5.59027909798    0.978    -0.943357382909    1.63426454315    2.09973514999e-22    0.0    18.2850253529    17.7608264968    25.4909613394  
15311675.5163    -9.41349277159    0.434893929654    0.0101188828889    0.00697366251775    1.03874898412    1.88249579911    -0.930728000249    1.63900166597    0.542824283677    3.05514943867    0.9929    -0.651405062115    4.11315283522    2.01178080815e-22    0.0    27.5534871191    26.5507483479    38.2640417397  
14670972.9148    -9.14110509703    0.862245580973    0.0431485447813    0.00446280519137    4.76887834215    0.393445331977    -0.432551027273    2.18718295057    0.34308222488    4.11108082318    0.9685    -0.184936950167    1.4774793137    1.28098567897e-22    0.0    19.5905539347    19.8770927716    27.9085761106  
7017242.32175    -9.15596820199    0.851987646199    0.0584652277911    0.00446452976212    1.63293569025    5.12216215523    -0.666463673817    1.90879409074    -0.160308979774    3.04699847636    0.9977    -0.233542753667    0.0550132193077    1.30663167545e-22    0.0    16.4513965716    16.720375457    23.456756054  
22425196.8312    -8.93078353882    1.55058380449    0.120151459855    0.00211898866832    0.287306475583    1.94820537646    -0.219833615441    1.28339030358    0.975547032934    3.80700588082    0.9841    -0.065601135628    1.2767855685    1.00907984998e-22    0.0    23.5160785753    22.8840822138    32.8129116405  
35879058.3027    -9.61906380657    -1.24755518397    0.103698554546    0.0352548625128    0.241853465804    0.591579138423    0.0467130620758    2.85059824261    0.38462019116    5.56097085419    0.9755    -0.514564668617    2.07314445531    3.50812612978e-22    0.0    14.7341009852    15.0937781168    21.0930289356  
28107664.268    -9.2636794438    1.01252756773    0.17861904381    0.0034360494584    3.11003175106    1.34082417435    0.824007246353    0.745827868212    0.0285924295137    1.90383484502    0.9804    0.583310476222    0.981984863738    1.52970545366e-22    0.0    16.4318471852    16.3479643693    23.1789029278  
16159494.7465    -9.56946566989    -0.650402312181    0.0406130941631    0.0202872948347    1.65987351554    0.0283645462772    0.0754588322496    2.85604747398    -0.0190025293959    0.113753556079    0.9955    0.694635469352    6.1838014475    2.98105459338e-22    0.0    21.8575297849    21.4126090838    30.5982260282  
40484355.3538    -8.6291311302    1.81332252504    0.00289471604565    0.0017637765097    1.4428522642    3.08415040953    0.836211214234    4.90456865358    -0.895344305839    0.389911178275    0.9873    0.499830694268    4.35706744656    7.88151149132e-23    0.0    15.0998481764    15.2358699262    21.4508076155  
12093406.0845    -9.23112092437    0.794564829036    0.171004222687    0.00430596956775    6.1985854612    2.00263216511    -0.0526161850266    2.91847157094    0.137855908488    6.12074907284    0.9782    0.658841656456    2.10392338481    1.45428138829e-22    0.0    17.4033766522    15.1580479812    23.0790800835  
55058488.5704    -9.17224019383    -0.808790619053    0.0437163612999    0.0237233490122    0.337822326377    4.63284536276    0.459799811293    0.166774179373    0.987763258066    4.02394522702    0.9744    0.743477832225    0.954665915965    1.33580218364e-22    0.0    14.7902093327    14.8495310104    20.9585033658  
60680423.7748    -9.14009448552    1.00417440017    0.186651985347    0.00343609730468    1.73404564263    5.00005450101    0.763702363357    2.18298696288    0.903726803802    5.28462038818    0.9949    -0.288674031374    1.67148247329    1.2793847385e-22    0.0    19.5657702262    18.5293359709    26.9472754851  
37501553.5443    -9.15994119093    0.493416552941    0.0966688976831    0.00621625224541    0.565202350581    2.43351584018    0.938311524587    5.38326659294    -0.182377212348    1.34858139594    0.979    0.426120129941    2.4732652904    1.31356395188e-22    0.0    15.9621532722    16.6700863572    23.0799071974  
57255170.1292    -9.29416864548    -0.133564111508    0.130178870129    0.0113186144559    6.06675916376    3.79775415988    0.0727675745115    3.15256070573    0.784504276117    0.0342966616354    0.998    -0.362935104141    0.970206646902    1.60805820425e-22    0.0    16.9083358194    14.489480857    22.2673949012  
5173237.30619    -9.56854911186    0.108294999959    0.15208830438    0.00871164649752    1.85973119207    5.14562208302    -0.785929131399    0.421315821442    0.486427573324    4.40067638146    0.9879    0.0637884291619    6.10728342321    2.97255519358e-22    0.0    30.0139580963    30.8617776855    43.0498200056  
42410525.1758    -9.07198967277    0.859059833314    0.0953624923016    0.00431689617024    1.64589788376    4.78121039712    0.617458936446    2.93322039919    0.448240744643    4.52687098952    0.9677    0.403770912985    5.62171409037    1.17512212785e-22    0.0    17.1877012768    18.0754657687    24.9427251506  
60391406.4212    -8.95700799333    1.784781724    0.0718498057142    0.00174053438691    1.49214481968    5.1927101265    0.177837428091    5.47083059437    -0.790058042839    0.263018141224    0.9705    0.0672409709788    1.69517592912    1.03579332388e-22    0.0    19.0132717028    20.7053127549    28.110753763  
21805995.3772    -8.94632205893    1.50810503879    0.105527606908    0.00223776846821    0.554638996425    0.43649620285    -0.683899126868    3.67774570587    0.217640460212    4.92736584369    0.9675    -0.513418331664    6.22691793164    1.02469597124e-22    0.0    21.9545287697    21.6320398642    30.8212018291  
42879225.7234    -9.11735230567    2.45129571855    0.0859140868074    0.000884685506306    5.61957109622    4.30326146142    0.0136017235131    4.24984393176    -0.22944134132    4.78683667828    0.9726    -0.464900468821    3.16037756189    1.24234023239e-22    0.0    15.7454264085    16.3071462473    22.668071632  
37580784.2674    -8.80096933651    1.83950663672    0.0614984622461    0.00165965578783    3.80334156766    3.56094426435    0.115998902894    4.35304108574    0.930361038464    1.29312396853    0.9857    0.198600531067    1.09627628434    8.9737554057e-23    0.0    19.5294079087    18.706235893    27.0429479634  
27370666.8315    -9.45634105825    -0.120970315725    0.0179716475215    0.0121067816225    0.542339161965    5.47822171187    0.169749452531    5.79532399997    0.978363198542    5.55408471752    0.9766    -0.487764237557    2.81379781271    2.21095682599e-22    0.0    34.3882842382    35.782534229    49.6280550565  
27968536.4906    -8.96099206235    0.909269197283    0.0904573335114    0.00412095665086    0.355803131448    3.94134171295    -0.165456939386    1.94909015073    0.764648887563    4.59482731169    0.9761    0.904659023761    5.23405343754    1.04003181417e-22    0.0    15.5666179755    15.3713075533    21.8768528608  
46573421.5921    -9.0300342869    0.960882431605    0.0215420627542    0.00409565960917    0.121130809901    4.23394934359    0.42706463134    5.84468913312    0.481088858914    5.36559987804    0.9763    0.321601096567    4.83082302758    1.11963626692e-22    0.0    20.3259981923    19.6734840956    28.2876683199  
45731209.9763    -9.33266118246    0.742069633422    0.0727864597355    0.00493445727763    3.66120747528    3.29179558133    0.19847155411    1.37868028853    -0.0948608252761    5.20138067893    0.971    -0.428194214284    0.673353132045    1.71929675534e-22    0.0    26.9446031603    24.6633266432    36.5279525921  
15725351.9178    -9.59244042471    -0.125361814869    0.0269066486428    0.0120989796996    3.96861378828    5.53590734195    -0.615320311982    2.02122571217    -0.353119834204    0.821987882419    0.9746    0.793269486441    0.129049279909    3.20469508115e-22    0.0    36.8884475348    37.515499089    52.6134035529  
39248156.0561    -9.21783268808    1.2032069258    0.0773840119513    0.0031012996063    6.21583897864    0.164854336181    0.477159853014    0.550489284682    -0.249151157248    4.92462445803    0.9841    -0.205456172673    6.2043509371    1.42569139677e-22    0.0    20.8709936823    22.4995404799    30.6892114446  
42372892.7856    -9.15015409691    1.26489879572    0.121101177093    0.00281741184979    1.55104403111    1.82810624206    -0.849607312932    4.08037558221    0.142014580009    0.442021620912    0.9955    -0.0328711406479    0.554270508591    1.29644971607e-22    0.0    17.6484629567    17.8158332337    25.0773235921  
31070317.9114    -9.64360077195    2.01300600282    0.00232877829994    0.00144493008111    3.02012435674    2.11287623386    -0.888896037874    6.04759205291    0.714281076553    2.34158962177    0.993    -0.241161760311    0.339668393749    3.84093739315e-22    0.0    73.5241209088    73.1863577045    103.740249226  
23688650.9492    -8.66513872147    1.60300924223    0.0852455768907    0.00206733699365    1.17227507214    4.17691783367    -0.449190367537    3.42375039193    -0.219111426231    2.47332577107    0.9751    -0.784981711639    4.91488904754    8.08212078142e-23    0.0    14.5177276987    14.624387511    20.6067253004  
33168556.6584    -9.27213152103    0.491289790279    0.151716558743    0.00594182509579    0.975572331372    0.684335101618    -0.465034709823    6.03713210467    0.933802128523    4.55162495271    0.9794    -0.747233665758    3.89146631698    1.55064339858e-22    0.0    16.9159234639    16.0501800699    23.3185923013  
43481642.864    -9.44059171703    0.195957155658    0.158651834864    0.0079307169156    3.21112262215    2.22055467332    -0.361580106684    2.01915869015    0.981028287991    3.26587255506    0.9871    0.0249645417053    3.06307738821    2.13353979139e-22    0.0    28.385454919    26.821484768    39.0528628415  
30284575.5395    -9.16887948255    2.08362360841    0.194778456875    0.00115747584079    1.89312433819    3.23547517893    0.774557206377    3.00493149012    0.72579979011    3.24563230455    0.9746    -0.244744250366    4.84072631887    1.32965219025e-22    0.0    16.3186772101    16.7808576428    23.4071871252  
27927333.7965    -9.06068770792    1.48814537861    0.156142969641    0.0021835715806    5.41884688867    6.13648897707    -0.586962019541    4.45649947056    0.187971407069    2.58020060941    0.9905    -0.201439496678    0.333256099246    1.15958222223e-22    0.0    24.8769589809    24.2276574289    34.7252425856  
36413848.462    -8.842850833    1.91943189165    0.0400420478372    0.00155350171105    3.05890250261    3.20923763511    0.338028966585    2.959354579    -0.811727351076    4.74343060156    0.9803    -0.580745284978    4.97450630423    9.3009922016e-23    0.0    16.6603355434    16.5426707708    23.4782183449  
26548188.0984    -8.89238823218    1.53026319125    0.172921077373    0.00205932546448    1.45042586945    2.41694054928    0.763341780445    1.23525757727    -0.7639442738    3.98147316987    0.974    0.44430907934    4.79032778287    9.72686876495e-23    0.0    14.0043439812    15.1573109686    20.6365143893  
16670400.4878    -8.66356946711    1.95365039668    0.0825501855094    0.00145880032518    0.206809142212    0.360641542268    -0.70786082904    1.88200872947    0.998755253318    1.8285945394    0.9684    -0.980576114998    2.6537947274    8.07293376729e-23    0.0    14.3434030339    14.6158694493    20.4782042755  
32484397.887    -9.39282668342    1.13459236175    0.199444226457    0.00297490840622    2.71108280654    3.78619419947    0.569276414691    2.95415276942    -0.889067304285    2.14769753517    0.9975    -0.143170414629    0.99783462081    1.92816364804e-22    0.0    30.0102439974    29.2815280021    41.928780413  
