tPlunge     logmu     logM     ePlunge     nuPlunge     gamPlunge     phiPlunge     costhetaSky     phiSky     cosLambda     alpPlunge     SMBHspin     costhetaSpin     phiSpin     Zeta     SMBHQuad      SNRI     SNRII     SNR_tot   
52087804.6105    -9.40999858164    1.71494129516    0.0565334413062    0.0018860643568    3.84894993055    5.20694014005    -0.25124248443    4.19116745795    0.589141789888    2.57496415757    0.9864    0.594654241669    4.75400975816    1.99718625251e-22    0.0    41.1476218972    41.6648358788    58.5583925377  
32374513.1883    -8.71507885701    1.02646789592    0.0881061777549    0.00367173038231    3.66047371968    0.25258187963    -0.409760429452    4.56744021281    0.948350911863    2.74992869643    0.9922    0.142989383379    1.50365473295    8.38317166804e-23    0.0    15.9212077819    16.5048081493    22.9323690289  
30513872.6473    -9.20085685787    0.389410054445    0.048551631356    0.0071363926498    1.44497552225    4.00342408101    0.747000023649    2.06596733986    -0.281160976327    5.8881172284    0.9952    -0.153747906123    1.63062517243    1.39075893542e-22    0.0    20.5166900054    20.4376320411    28.9591327948  
5397513.16989    -9.10331370357    0.611523062285    0.0220482644531    0.00580664389481    0.562554501706    5.82197872377    -0.397477367859    0.190776618637    0.462219357993    1.50129743171    0.9681    -0.0219014349034    5.14732511901    1.22071863215e-22    0.0    15.9287996189    15.8539036443    22.4738274012  
31566766.1607    -8.93991226397    1.03649816845    0.0133876542377    0.00381443684033    2.64868165911    6.27056146499    -0.34384660407    0.400663624446    0.144488795051    5.43148034045    0.9674    0.183059822603    5.78298892947    1.01819719625e-22    0.0    14.8051038532    15.6606280358    21.5510178548  
25742218.7571    -9.14996860257    1.37860173515    0.0645179907442    0.00262600420333    2.08641948982    3.7310936458    -0.174817153668    0.433603870045    0.0206948493229    1.09576484638    0.9952    -0.602758472568    0.281879016535    1.29610396377e-22    0.0    14.7514400457    14.8254008811    20.9140501747  
36496966.213    -9.43170222087    0.153038487225    0.198155740646    0.00794999581939    3.16153997606    0.779088537969    -0.138419000416    5.09036038306    -0.473362089908    3.67740803876    0.9862    -0.846537102806    0.451829735323    2.09209256853e-22    0.0    16.0085423494    15.4165702396    22.2248524428  
31326180.3931    -9.21466169994    1.93077118419    0.0609826591449    0.00151542138139    1.68374952714    4.31682848644    0.859044245914    4.00707051026    0.27923403986    3.31213725569    0.949    -0.660364634192    2.96100474488    1.41889145045e-22    0.0    21.4293205718    21.2255052175    30.1618608827  
53355690.1166    -9.03028108876    1.50957191591    0.00788396057725    0.00238365981759    0.415548156008    3.53159266599    -0.215685920243    3.86888827988    0.294561212339    2.62159588068    0.9774    -0.0890986271676    2.50201246188    1.11999584409e-22    0.0    24.1513830244    25.3245620748    34.994610246  
25717530.0767    -9.15863069743    1.44385262177    0.012846434288    0.00253889593816    5.27816269017    3.96502517699    0.723043407142    3.12873813503    -0.476178438901    2.24702307467    0.9718    -0.618533250242    2.61087765481    1.31124086237e-22    0.0    17.9365909544    17.4499543946    25.0244321302  
55393588.9323    -8.87797747914    0.957745004091    0.111507074765    0.00386122301925    3.66713786476    3.06952582303    0.491937174207    3.88366422342    0.827306804356    5.97393235792    0.9674    0.508858490652    3.1625449677    9.59829705431e-23    0.0    13.4350436952    15.7110381779    20.6721338938  
28873061.5934    -9.47921485345    1.95818582047    0.188175545848    0.00132143745036    4.18109672227    4.67431440731    -0.844296269916    5.10622246381    0.472033779519    2.36664351585    0.9891    -0.464772598229    6.24843907983    2.33352752295e-22    0.0    40.7063415701    41.3190511448    58.0023295354  
56858583.8406    -9.13702299069    0.784816175026    0.181490780447    0.00430198279741    1.32619934523    2.23108629177    -0.00583228476477    1.41707945943    0.588333465779    4.62604068245    0.982    0.146365869729    5.81542020144    1.27418622752e-22    0.0    21.8512220065    20.9029203734    30.2391796072  
17303785.1513    -8.89497202749    0.952493639716    0.198001419074    0.00357471009422    0.813138939312    3.08811191713    0.247825645809    5.49170317891    0.775619727265    5.27058002843    0.9744    -0.443404472674    1.77960091108    9.75092421799e-23    0.0    16.6329998963    16.6662879922    23.5461640398  
25574227.6406    -9.46538974846    1.17830984391    0.0814429638118    0.00317011557603    2.05231223326    2.18707185278    0.754926724321    1.40575019999    0.613666796046    0.352359873902    0.9835    0.614425532279    5.08926922623    2.25793779843e-22    0.0    41.7256746405    44.3140104244    60.8667679781  
55096898.9692    -9.11162393915    0.771992314019    0.150693248767    0.00449190088289    0.927781963566    0.036952822219    0.92843798812    2.09122618654    0.694479561354    0.537064804568    0.998    -0.732794906537    2.84412351492    1.23343858103e-22    0.0    16.8621474571    16.2701043593    23.4317799735  
49680157.75    -9.04103477002    0.898534300909    0.150130023065    0.00396007190176    4.62668791819    2.61149596733    0.733537037562    0.0466740774132    0.70668109041    1.71659059018    0.9899    -0.649494489705    4.55771812173    1.13357775631e-22    0.0    19.9910835141    19.8830594616    28.1953803596  
55707584.048    -9.52848850649    0.285129159855    0.121620066083    0.00750183169237    4.30739066185    5.59039487774    -0.129100080191    2.77952856255    0.366827350557    4.9889106636    0.9836    -0.8003535699    1.23539122432    2.64870121912e-22    0.0    40.3950375532    40.8466124442    57.4474090546  
41470701.1683    -9.0056165713    1.27381405936    0.0327528812206    0.00297584272789    2.76822587615    0.715867758179    -0.596889248026    5.83467861781    0.953214234132    2.41899644222    0.9712    -0.0325963331147    5.47827164616    1.08991101607e-22    0.0    19.0074414776    21.1327882871    28.42318723  
21594953.4911    -9.27061323588    0.910266752792    0.175440229656    0.00381838253813    2.05394713517    1.71027697826    0.385662876058    2.14970459615    0.985601680217    4.81250255456    0.998    0.0330399530771    0.00934334531433    1.54685421289e-22    0.0    14.4415168435    17.153464591    22.4231745347  
11605583.7099    -9.0418251688    0.722977693574    0.106918880932    0.00490123017533    5.91497360369    2.33396018398    -0.329587335811    2.14101770431    0.899356875754    4.21252432025    0.9906    -0.773218092082    3.29041182045    1.13468282358e-22    0.0    14.6186174415    15.0833412262    21.0050269804  
50837687.9261    -9.03172198154    0.9674840433    0.131962552209    0.00375779511336    4.21971926138    0.0529081686176    -0.412410483078    0.798404117536    -0.404108204883    2.50257460301    0.9707    -0.513973232795    4.12062672586    1.12178547513e-22    0.0    15.3517333513    17.0069545901    22.9109629068  
59078806.5637    -9.20222391209    1.08273292279    0.135980095635    0.00333681371592    3.11053809937    3.38487965303    0.426191411338    4.88357342742    0.915800420703    0.0274540373443    0.9932    0.642375437783    0.0499829940791    1.39344294539e-22    0.0    19.8777232533    18.1303888574    26.9041796355  
58416094.6569    -9.18829942152    2.13074837862    0.0810828338226    0.00122335025677    1.92137281752    2.01131286064    0.0569002469238    3.39646746336    -0.459030540192    6.18187800772    0.9763    -0.952811745516    1.59021116527    1.36599237884e-22    0.0    23.4206017012    21.4313670577    31.7463081004  
53428144.8685    -9.0278978851    0.685327071189    0.0518367445047    0.00529720298469    2.19015558957    3.95952919593    -0.171458012861    2.85887381193    0.0321907646126    5.86826496345    0.9722    -0.109856258983    4.12671425923    1.11698974491e-22    0.0    18.4838919771    18.4851759631    26.1410786504  
57911572.53    -9.21634503532    0.975126844783    0.0570376651054    0.00395101754958    5.09197679275    3.41530342792    0.21247191765    3.10624715016    -0.243820860346    2.50028486827    0.9729    0.327014828053    4.69746252773    1.42255593286e-22    0.0    26.0528809628    22.5226039905    34.4386453999  
50999405.3976    -8.74009269784    1.49674010859    0.162836059582    0.00215093681152    1.69929011927    1.6463486565    0.270891307944    6.28293655724    0.788210873204    3.72772496545    0.9892    -0.88381956652    2.04116220185    8.54520697735e-23    0.0    14.5900686082    14.0842550478    20.2789630466  
45874813.4238    -9.04791969425    1.20249836423    0.121434519314    0.00299797132393    5.86425999573    1.71585699564    -0.497793397381    4.10532826274    -0.965642291086    0.044975871925    0.9718    -0.325827659239    3.82175003625    1.14261521248e-22    0.0    20.8044531172    21.1246642017    29.6492277663  
53608439.3641    -9.22755675303    0.38573601022    0.168486994968    0.00649701123667    3.27435509733    3.89206083758    -0.319050073363    4.78317845926    0.644902976909    5.30780475738    0.9947    0.507541902619    1.36266877191    1.44649740389e-22    0.0    20.6805472264    19.6221016731    28.5081024912  
61427393.3002    -9.1798552894    1.25661164459    0.0959559513163    0.00289946260457    0.672767964987    0.688797258371    0.0378865839    5.83518095294    -0.138259354227    4.24928656173    0.9881    0.143952889919    4.83182867906    1.3498947326e-22    0.0    25.5033604314    25.7991845986    36.2769805696  
18781654.0085    -9.30542620424    0.810751143319    0.160034755957    0.00428283238479    1.81596299094    4.28628434677    0.20170624798    3.27097579583    -0.284038688645    1.90638354199    0.8759    -0.793128098375    4.06345289654    1.63899671465e-22    0.0    25.6387914278    23.6388057477    34.8732098187  
44604232.9861    -9.07611569401    0.790921946489    0.0659560158404    0.00472164291811    0.0507871729529    1.71394777649    -0.855880526621    0.294606195934    0.208456307337    6.18125811227    0.9773    0.390762332697    1.91088483939    1.18085520493e-22    0.0    18.2254803481    17.9325910934    25.5684562937  
48807918.9656    -9.27717407821    2.29170420452    0.123650264623    0.0010068620483    2.25728095004    3.49035468863    0.930470350521    1.23842754914    0.184532652011    0.131015136898    0.9936    -0.611322838365    5.09594648881    1.56341476961e-22    0.0    14.4281853898    14.6096845488    20.5332758287  
42693233.8315    -9.12546374666    1.14314473406    0.101432015572    0.0032339495819    5.17287764387    3.93858123962    -0.38358500841    4.07222319748    0.699713451127    0.79757424006    0.9702    0.568181635053    3.86992631913    1.25534095659e-22    0.0    17.0879399148    19.7028959125    26.0806786313  
62818521.0414    -9.13587932305    0.515866611255    0.0889026708061    0.00611450823207    2.5047264492    0.350796036113    -0.725012965619    4.16309842948    0.896052497526    0.720093523409    0.9738    -0.819999895182    5.50187300708    1.2723413365e-22    0.0    20.0266821485    19.8966281755    28.2301932446  
43971170.655    -9.0812539855    0.0904029569123    0.0563275583965    0.00957510644279    2.77958311543    5.49279988575    -0.826723371103    1.40361491573    0.353019401219    1.74206869929    0.9811    0.668246340767    2.62505317196    1.18815006795e-22    0.0    15.8929569457    15.6939727721    22.3357753806  
55933651.4124    -9.12406207799    0.507190848982    0.180477324349    0.00568452828347    5.35963127528    5.63571308904    0.321471245236    1.39507544652    0.49895828757    3.33609092902    0.9882    -0.982559919649    2.42535244393    1.25302663721e-22    0.0    19.6906305744    19.5367239648    27.7381418933  
6789559.49806    -9.07254740923    1.1493185941    0.0248295799784    0.00338594036506    4.81464821702    3.7749556639    -0.846692394032    1.31456723954    0.174399930804    1.98861695768    0.9911    -0.373716415758    2.13935189678    1.17591597442e-22    0.0    15.71036202    16.1464929893    22.5283090944  
48818895.001    -8.99782042986    1.05549634466    0.00841877073669    0.00375253967216    1.86267018159    6.06733636696    0.436995822042    3.61339928099    0.189149880848    5.54165781014    0.9933    -0.330440322087    4.77217740734    1.08079576063e-22    0.0    18.0898469198    17.6339144911    25.2625711649  
29231157.7368    -9.23283221933    0.447235511616    0.0601235076323    0.00668460376281    1.11261763955    1.48292875478    0.983995585322    0.407859991356    -0.24857003367    5.1824569752    0.9781    -0.753333064612    2.12387698567    1.45796687859e-22    0.0    14.7265695825    15.2036342169    21.1665383346  
13871006.4284    -9.26503114663    1.33261674388    0.132957846049    0.00260601048349    0.627059026956    2.61639244321    -0.692919515195    2.87675076207    0.786484650976    5.88549767557    0.9844    -0.811123006614    3.54180699927    1.53295997625e-22    0.0    29.8095439803    28.8367918265    41.4749258609  
46047067.9239    -9.22640488111    1.81034598663    0.196326683569    0.00151869000009    5.36168573822    0.651825885743    0.851360691062    2.85857182927    -0.339705419207    5.63808055208    0.9931    0.71289249054    0.751826216407    1.44396519014e-22    0.0    22.5268181461    23.8387209533    32.798508388  
55394201.073    -9.0121803092    0.850021902604    0.141157019315    0.00419150136161    1.49645404373    1.45667617477    -0.371363066664    4.07890550982    0.5449222009    4.30700204034    0.9876    -0.425956823205    3.2455143    1.09771199665e-22    0.0    19.4681218318    19.491241372    27.5484347628  
50063782.1931    -9.5605473846    -0.0736665429534    0.155627953782    0.0104151912214    1.485963043    4.63778640447    0.90696482477    4.89921531379    0.605183481553    2.5767626393    0.9767    -0.978266427006    5.76259468507    2.90253946692e-22    0.0    31.5276746872    32.3953047826    45.2045356478  
24014767.3215    -9.43237849891    1.77315185615    0.0568373530215    0.00177905221592    5.10396449258    3.77752723252    0.767058572243    3.11702434431    0.772644529254    1.60714400478    0.9937    0.39695373133    4.48903820478    2.09489975612e-22    0.0    26.5214002224    25.6819294882    36.9181008719  
45893856.8011    -9.27459709605    0.140673349199    0.00752446215985    0.00937196897272    1.76626733765    1.53290782374    0.762257058233    3.08746986005    0.567359976735    2.64150393407    0.9705    -0.533459617746    0.742111317441    1.55676261897e-22    0.0    18.1122498895    18.1146513541    25.616287587  
26601609.1959    -9.20672886535    0.932244074629    0.0339116994374    0.00418458779884    5.13112968491    5.20028698203    -0.399765298893    5.99691898669    0.634063099702    0.201719822434    0.9685    -0.560069956361    5.25173668706    1.40256373268e-22    0.0    20.5947376214    18.8083191763    27.8907885857  
58787503.1387    -9.57988870891    -1.39696180543    0.0258028822592    0.0431790543054    5.16127956029    6.26563541894    -0.00131468111689    4.55299863685    0.7725810415    3.20709184227    0.9838    0.692343392161    0.70959917753    3.07908205947e-22    0.0    24.110750983    22.7018809939    33.1165172327  
59973409.1276    -9.09226678534    1.14295421153    0.113636080283    0.00320278435146    6.2618926553    6.00246942627    0.821406235812    2.09500665657    0.33103133948    2.24761806094    0.9771    0.568649776552    0.797332007382    1.20420737304e-22    0.0    21.8347615064    21.938579199    30.9525131017  
29858863.6256    -9.05110694795    2.28567075741    0.0963504358637    0.00103578575963    3.88745591747    1.06427991055    0.385786884734    2.8250027347    -0.105506940592    5.93583106661    0.9427    -0.0323769886381    4.19825772601    1.14679841584e-22    0.0    18.5994381551    18.451919567    26.1994739526  
8616778.04043    -9.65367873173    0.130235586911    0.0333606385054    0.00933475785411    2.59665294541    5.95932408553    -0.796410032069    0.227316525064    -0.738338641039    0.85006824884    0.973    -0.889517445026    4.24156884285    3.99459001367e-22    0.0    41.9503104255    40.7628176438    58.4930410139  
13143969.0383    -9.08580980204    1.71216299156    0.0576532271576    0.00188990913256    3.15335203079    0.270472632863    -0.884548918864    1.84554511142    -0.0573721524767    1.67810794559    0.9794    0.946892919138    1.99690808228    1.1947303334e-22    0.0    19.7653136601    19.3870301545    27.6861799874  
63014168.6312    -9.30770386249    0.21601834064    0.0530160781227    0.00846315586715    1.14226378533    3.67610346813    0.928907684764    0.846829464769    -0.0216019927713    2.00384568562    0.9712    -0.208667224502    5.14591825179    1.64549479989e-22    0.0    22.7424618451    22.8882846623    32.2659750443  
20559178.9511    -9.51177053681    0.710095466523    0.0709172949254    0.00510149983616    4.43927692382    5.37238917446    -0.196000515832    4.57208844691    -0.0935666077757    3.74806585247    0.989    -0.752784714213    3.09736530545    2.53320740793e-22    0.0    42.4969339862    36.4306534507    55.9748328186  
24031302.3283    -9.62381899794    0.876199284623    0.00771187881558    0.00449110835091    5.48516661473    0.779059005832    0.544916841801    2.60140222294    -0.278760948649    5.83969702716    0.9954    0.659445744454    4.63340245877    3.56826670474e-22    0.0    52.5126786658    52.1590540094    74.0145143591  
16010641.596    -9.03328873373    1.26110870003    0.062339748555    0.00295778047483    5.71694139469    4.78920248234    0.350432994118    5.89752681992    -0.72580484373    3.426168734    0.98    -0.780294465994    4.26637058173    1.12377353908e-22    0.0    18.2802565238    17.6666208195    25.4219839854  
38583641.4839    -8.99579142636    1.09298515859    0.121979898032    0.00334338865064    1.57728031661    1.16885900172    -0.34938674969    3.54079005616    0.66559913416    4.83590134012    0.9923    -0.995264922267    3.9686028223    1.07851888283e-22    0.0    15.5687597558    15.0565048939    21.6583614328  
59955893.6637    -9.08376796541    0.872609976693    0.126267399922    0.00415237280439    2.75306754741    1.94499131401    -0.400323446976    4.23177981684    -0.03829430755    4.3140965068    0.998    -0.415190285783    2.33046967908    1.19177657101e-22    0.0    23.14768111    23.8950063531    33.2684004633  
28843638.604    -9.18128959831    1.3597146989    0.00618610520894    0.00277146770948    0.544864660565    0.0584697369817    0.316508082153    3.27170810385    0.683025054794    4.69510724709    0.9852    0.677907424267    1.7948105166    1.35271810358e-22    0.0    20.3493600573    19.2155697848    27.9881149222  
47291286.7402    -9.09432606707    0.296536976198    0.196181355387    0.00690202140085    2.07453971043    1.29147758611    0.0708910684868    3.08210116217    0.911697279794    1.81500108674    0.998    -0.19793275261    3.09672987557    1.20724831836e-22    0.0    21.8631597935    20.1746873122    29.7492145157  
9783701.8765    -8.87325483697    2.20148868481    0.039618881474    0.00117200295682    6.13441552687    4.18679988915    -0.513564083443    0.259805921682    -0.177950851849    0.739986984523    0.9713    -0.638546421816    4.69642265225    9.55732286917e-23    0.0    15.0277058076    14.413948531    20.8229165607  
22201923.9904    -9.38905042215    0.0632916431038    0.079806320024    0.00967922275656    4.1860406235    2.33514273051    0.44234343555    0.673271008541    -0.139150654563    4.07262624176    0.985    -0.595212992629    1.07541714749    1.91340007653e-22    0.0    25.2944833923    26.6552398421    36.7466012186  
60473094.2447    -8.95540353105    1.65974400616    0.0152465390557    0.00204325129889    2.98426441321    4.57532802155    -0.950493306035    6.2594696575    0.75542095552    2.07415912565    0.9954    -0.157802261414    6.02205623577    1.03417879406e-22    0.0    14.1431311767    14.1576939575    20.011708015  
51135358.7816    -9.10721580146    0.856530412946    0.0216460734487    0.00454588043909    4.72788031711    0.28877784364    0.841229401121    0.477812414841    0.908798928641    4.97473782768    0.9814    0.016561308044    6.03503501943    1.22657138772e-22    0.0    17.3946358178    17.6141828215    24.7554598363  
58831932.9726    -8.7540390608    2.12406369403    0.0773747062098    0.00123487678066    5.16025359512    3.2889080056    -0.0213008199222    5.03230949342    0.995299187563    1.96832242431    0.9735    0.448561190288    1.70755506373    8.6387464793e-23    0.0    15.4723119586    15.582216959    21.9590055035  
52518313.7372    -9.24821362362    0.361625261989    0.112559952378    0.0070022943656    3.46944984593    0.525587001132    -0.623532779287    5.65473507645    0.37045267889    3.37661546512    0.9855    0.176913552598    1.27799018361    1.49280781533e-22    0.0    17.0365594448    17.3194046728    24.2941584735  
27728329.5251    -9.26706213288    0.681026502896    0.0281834127591    0.00539781719814    3.70048977201    0.375627797852    -0.774695470491    5.26738400403    -0.352464843073    5.98956673059    0.9967    -0.324772749485    5.91629055955    1.5379746709e-22    0.0    21.5932075745    21.8278316589    30.7037595139  
31171021.4929    -8.97175917071    1.8487789568    0.113093669353    0.0015819274347    6.17990739613    3.65899984221    -0.46758892511    4.37338798819    -0.47679386626    4.43956033576    0.9761    0.769997956302    3.74343354094    1.05158864445e-22    0.0    18.3558543125    19.0510576103    26.4552486968  
53437781.6184    -8.75422633257    1.3967200499    0.0653219461653    0.00257743407017    1.52439839509    1.41889615462    -0.44684127021    4.21683672596    0.133298385486    6.24458524495    0.9721    0.452325977379    3.60359475309    8.64000078979e-23    0.0    16.2735167014    15.8099381913    22.6887966063  
57199208.8221    -9.42606391458    0.174564630656    0.0989496390425    0.00853554365664    4.20059905715    2.94945289262    0.317079943322    5.63909220634    -0.424132437525    0.390362587687    0.9759    0.618816957788    0.0952317178361    2.06655299341e-22    0.0    21.9825460032    24.3143464877    32.7783430622  
40329429.9438    -9.42435419932    0.0809473230667    0.199109127788    0.00853541534552    3.62938741832    0.386196229108    -0.485944948489    3.67716543195    0.737861400611    0.416114455746    0.972    0.0463430269859    4.24507046108    2.05878766154e-22    0.0    19.2513829633    21.7637697993    29.0564523278  
58323669.0546    -9.0306925606    1.38205774694    0.146824950455    0.00244934029059    0.90249234897    2.72497540025    0.494253809077    2.97416681131    -0.790976701747    0.853374598592    0.9837    -0.913221947297    1.57286692687    1.12045207181e-22    0.0    15.4394283484    14.1198170273    20.92236078  
28775793.9033    -8.98791347346    0.801527049404    0.0283129177351    0.00478467915646    0.0779063141771    3.6560152909    -0.795501423308    3.98847466768    -0.504673452631    1.08763062569    0.9905    0.415931304364    0.670681892504    1.0694986061e-22    0.0    14.6232157733    14.1449055928    20.3449451654  
42183114.6712    -9.24887887452    1.56037658603    0.162986040323    0.00201802754043    1.97255140568    3.2626338204    -0.895183672566    1.48152334186    0.521831309788    5.06028513034    0.9898    -0.0421325028833    3.67180603446    1.49439060257e-22    0.0    29.7748147222    29.1897681497    41.696308666  
10598267.3028    -9.44195682025    0.321003974049    0.0702416133716    0.00753154299425    2.36537681396    2.49210834001    0.461514026676    4.38421373282    0.714770802776    5.00768033298    0.9956    -0.686450323041    4.45313614919    2.13997673642e-22    0.0    27.8039892417    28.883564412    40.0914219116  
45634770.968    -9.02065992183    1.24979062696    0.0059781450676    0.00309382650273    4.44734014266    3.05235287993    0.650755038233    1.93775265997    -0.141724886513    3.67718737126    0.991    0.583321616781    0.238306325778    1.1080775248e-22    0.0    16.7042648479    16.0187642822    23.1437523587  
35022603.1349    -8.98393873337    1.74979193613    0.143247670054    0.0017012795476    2.28330444326    0.390916646566    -0.783090350564    0.312203966698    -0.225935901144    2.80724798401    0.9711    0.111206894098    3.41025232796    1.06504783944e-22    0.0    17.9488020396    17.8725779079    25.3295980176  
46539612.744    -9.18219905916    -0.0227458177403    0.00349663989223    0.0110587192008    6.09024861389    4.34822865227    -0.585748004911    1.01511463554    0.390980201723    2.50181765164    0.9842    0.456492491978    3.15491745447    1.35432748767e-22    0.0    15.7918724553    16.0628928982    22.5255358183  
36860879.3975    -8.82235893527    1.56782603836    0.129142186407    0.00206672562461    0.00989801426495    2.49530902367    -0.96250454862    6.09035562867    0.734884477762    5.69172894704    0.9761    0.995038019184    1.30942463418    9.13720671601e-23    0.0    16.1473864161    16.2770361991    22.9277123913  
14810401.0777    -8.91251633714    0.553410980156    0.0891172279129    0.0058882452852    3.17599004178    2.63983139448    -0.560418688109    2.44242922763    0.0577641548788    0.72713210594    0.9858    -0.593464760237    5.54989433025    9.91371138857e-23    0.0    14.8625463938    15.3999346218    21.4021791335  
17961207.0835    -9.45056251067    0.5173283569    0.00213017271324    0.00644844577699    1.65896082349    3.12071305679    -0.100251475416    5.00655834381    -0.073736690235    0.138477264802    0.9704    0.10110764033    3.61475491648    2.18167303768e-22    0.0    30.5635246226    28.1592403039    41.5580539949  
15297514.7053    -9.15778914331    2.01228140131    0.0418010564451    0.00141421989237    5.4448749141    2.74956375387    -0.464156134608    2.20996589669    -0.625212416282    0.894678295044    0.9775    -0.419265424468    6.0481435222    1.30979327254e-22    0.0    25.2083404958    26.253125413    36.3962501434  
27850307.0646    -9.34825669658    0.0941842527734    0.0355784033204    0.00966460532134    2.01240893492    2.93611132217    0.549487635178    1.86212800817    0.540049840263    5.49041559018    0.998    0.96401181804    1.78259133654    1.76896461748e-22    0.0    23.5279434204    23.6765603469    33.3787901436  
50073145.7138    -8.78159842763    2.17456196185    0.0263959309564    0.00121347885732    2.34164646712    2.70644140955    0.242143340518    5.97225738973    -0.0470862565442    4.82880060396    0.9937    -0.499751668762    1.49338162452    8.83141887154e-23    0.0    16.1155901605    16.3374064088    22.948269965  
40483937.9465    -9.08942581225    0.872248075569    0.171378982869    0.00398263452811    2.26578894853    5.90035123198    0.625584515981    5.68542408969    0.974390936668    2.36578638263    0.9675    0.179158977945    0.148208014883    1.2000070904e-22    0.0    18.1710238693    17.5721647853    25.2777982368  
37504398.7654    -8.74732052853    1.04027792626    0.00168741946308    0.00382329776266    1.94051026803    3.90139035993    0.596987384244    2.59793935565    0.967182283069    0.299859683096    0.9854    -0.247221194052    5.42426663509    8.59313543854e-23    0.0    17.261065164    17.0645855866    24.2722980337  
21362375.8715    -9.19861503229    0.15978156117    0.00968440093989    0.00918417925818    3.2405760322    3.58173768181    -0.363427639313    4.40567864769    0.810025926235    2.90629786554    0.9927    -0.844451593718    4.62548528899    1.38625355779e-22    0.0    19.1306462575    17.8737399377    26.181142175  
20923123.8438    -9.30174953073    0.521999510021    0.195268405689    0.00551426143146    1.28376540552    3.51743154267    -0.0940459665963    2.62688431908    0.924490293115    3.27507046226    0.9842    0.509558696061    3.76623657242    1.62859711992e-22    0.0    15.2695987459    17.0480422939    22.8865985222  
22576398.6508    -9.41379456728    0.813367381765    0.144179694901    0.00433599096277    1.50269268847    1.5323202185    0.444259927457    1.54394193925    -0.572296578386    4.45936010713    0.969    -0.586313985306    0.0504948994609    2.01326798075e-22    0.0    28.7162382591    28.0712377294    40.1573994105  
23064703.0314    -9.05207351733    1.43965545889    0.0663818339109    0.00246731394836    0.119811464352    2.79463735549    -0.080948697219    5.8226312116    0.761741143295    3.8958205267    0.9913    -0.366166636522    2.291447594    1.14799009985e-22    0.0    18.0000444405    18.9079314723    26.1057746949  
45921958.9565    -8.81357585931    1.66019295319    0.157549458825    0.00183595998559    0.0128044403777    5.2014287186    0.109342132183    1.62044274814    0.856472285969    1.51111765348    0.9973    -0.0259100138053    4.41765899168    9.06915909377e-23    0.0    18.5377909988    16.6168738499    24.8951841057  
53042122.1959    -9.27181720389    1.66753431442    0.040266441223    0.00199824908376    0.998227206857    2.51899013881    0.672592872829    3.44832796865    -0.491319156229    5.82944293642    0.998    -0.394932202113    2.04425639976    1.54976268069e-22    0.0    27.2944167226    25.003656499    37.0157807231  
61973264.2252    -8.97911944694    0.24066152392    0.00429668049449    0.00849436488638    2.13714208931    4.9014620311    0.25541167689    0.689397118964    0.882615075306    4.44802291763    0.9755    -0.482474261745    4.2576536148    1.05968874081e-22    0.0    15.1058646999    16.402648931    22.2987452626  
38434142.5801    -8.97740109925    1.24907007426    0.0965643518657    0.00292003295164    4.45191090332    3.02158553699    -0.923871502817    3.62044030594    0.812947759038    3.8136339576    0.9829    -0.619607922168    2.90589377352    1.0578122555e-22    0.0    13.6753131986    15.1428964775    20.4039580672  
56305870.5131    -8.98311428247    1.22654801987    0.147985281913    0.0028583683029    4.36164481204    3.07866419372    -0.906884870967    3.06355479956    0.771373307008    2.09074283998    0.9708    -0.0654471703275    5.27973389885    1.06414959783e-22    0.0    15.4172125369    14.3305338728    21.048863235  
6109504.58694    -9.18076344615    1.705168098    0.00447033626578    0.00196365479877    1.1184042004    0.739193461527    0.993170825899    1.78609390905    0.488523100567    0.475404797683    0.9791    -0.288881570086    1.77352995426    1.3516568223e-22    0.0    13.3160066864    15.2086099335    20.214298162  
58671055.5462    -9.51543928654    0.292191658555    0.101935367128    0.00757049662289    5.415788873    6.00898935714    0.165080041755    1.85510556981    -0.67635568328    4.0563950399    0.998    -0.225539366321    5.59034771937    2.55737161909e-22    0.0    40.5570524418    40.2554462845    57.1434638286  
18471460.4503    -9.21892504171    0.494760431594    0.196692311286    0.00565781567854    2.4538010991    0.402460621226    -0.803512604937    1.63398902674    0.834649619671    1.39548809114    0.9809    -0.761851769255    0.19972096336    1.4279984515e-22    0.0    18.141147876    19.2402304284    26.4440487293  
50176724.0923    -9.02082291437    0.918515898045    0.0329645112777    0.0042448219578    2.08827101045    4.66096430523    0.707917937674    5.87343071112    0.519269819288    1.96329581479    0.987    -0.0105424414133    1.7500655094    1.1082315137e-22    0.0    19.7021613441    20.2845053697    28.2778414969  
28397814.4199    -8.83419100608    1.81204142989    0.0933010208144    0.00166719572263    2.89770607513    3.04951584973    0.240985040778    2.19495525685    0.972187408196    5.6027131984    0.989    0.274726336399    5.23652092544    9.23098270237e-23    0.0    20.1683150153    20.9542801718    29.0833764903  
62946973.3888    -9.0750825916    1.39131794861    0.11274660106    0.00250025152778    2.11356323408    3.1636250431    0.318309588352    3.65811787076    -0.720971796234    0.819701012091    0.9781    -0.173629788673    1.6839879664    1.1793934883e-22    0.0    17.3201948132    19.3096224445    25.9393652065  
52808754.6973    -8.84203258605    1.72430014719    0.127024189847    0.00177062833074    1.22706041295    0.0829277085214    -0.560920995444    4.34716237929    -0.717149606541    3.07027827348    0.9726    0.294059217998    0.373489668897    9.2939423337e-23    0.0    16.7219697644    16.1941558364    23.2782077501  
50225711.4255    -9.27449205404    1.92942649145    0.0682822177629    0.00150990102664    2.80270342177    2.45456876528    -0.594161900632    3.0788750243    0.679878051656    2.40686767381    0.9951    0.792107493447    0.602116859946    1.55658039405e-22    0.0    34.7533736767    34.0015219591    48.6199596611  
5681261.5374    -9.27580587297    1.88459381426    0.154907365614    0.00147063103746    3.9832785464    0.443982450806    -0.385089548623    1.55520604955    0.154969249556    1.673151705    0.9796    0.420987481405    3.15648226421    1.55991956443e-22    0.0    19.9085261995    21.9641651948    29.6441219829  
49151644.4488    -9.28123708672    1.25355023074    0.056794938408    0.00299130710573    5.64011687444    2.64581354508    -0.256038421804    3.9903082231    -0.0248011299883    4.98358321493    0.9788    -0.0581786374732    2.41917141651    1.57364415409e-22    0.0    31.2723726218    33.3834706328    45.7429491932  
14487888.6838    -8.88631396475    1.3682487469    0.198639847938    0.00235710497472    5.30228525037    2.23032009508    0.480023228724    5.49033918795    -0.33763542864    3.79259491334    0.9673    -0.708527661278    4.76619369108    9.6726160584e-23    0.0    17.8980892272    17.8614960806    25.2858585027  
49714154.8502    -8.99218124252    1.43806871172    0.125338412341    0.00236085358356    4.91508828984    4.87588439507    -0.963522087587    2.36690167876    -0.704276616322    0.728950955591    0.998    -0.604393648085    3.48723869649    1.07435517097e-22    0.0    18.200910197    17.9068884124    25.5329157092  
38435799.1471    -9.40495957878    1.61521267629    0.188475588912    0.00186148834834    5.59225211584    4.37748935228    -0.953563590054    2.36351036682    0.499218252913    0.860825061673    0.9684    0.941850304677    4.21802257675    1.97627374412e-22    0.0    28.8531685248    29.0670342708    40.9560473583  
18049920.3142    -9.60033873033    1.33348658375    0.132402226385    0.00260502384114    6.17479906636    5.20961725958    -0.632332919398    2.17741310532    0.725318078128    5.26640924489    0.9898    0.282635299458    3.08201331324    3.28967424519e-22    0.0    60.5514616021    63.8187862159    87.9733878865  
30676091.0743    -9.27071787123    0.929273573718    0.00380747540758    0.00426755540622    1.66429011911    2.75809390599    0.61829288372    5.09255502696    -0.157347062178    0.410756197528    0.9808    -0.109795164462    5.28582298969    1.54695396275e-22    0.0    19.3152857669    19.4574745623    27.4166661102  
11119607.9484    -9.33082596242    1.84799440556    0.155308289765    0.00152487010437    0.272327928259    4.43900203558    -0.18962289257    5.0039915485    0.710491442422    2.98717644524    0.9835    -0.548619311501    2.10476085462    1.71354504069e-22    0.0    24.1128919417    23.0813365083    33.3793297237  
61052509.6641    -9.25282830648    0.931275301327    0.195000668171    0.00366324938761    6.04646462066    5.53932539665    0.336890132363    4.34899519429    0.271158409578    1.05620006106    0.9896    -0.258103789081    3.09056518211    1.50359484424e-22    0.0    25.7880131031    24.8373942834    35.8038793232  
9917136.30268    -9.26925397177    0.713373440401    0.013370963771    0.0052694539527    1.31882854752    5.47354004566    0.0589626729223    3.33792234058    -0.634841740016    2.52395958997    0.9855    0.731380526227    4.46374244611    1.54337300866e-22    0.0    17.0369050843    15.1561120397    22.80271622  
60660709.8516    -9.50209646189    0.429413561213    0.0639783093669    0.00678707579383    1.40297272308    3.86493485324    0.379032633125    5.74715337821    -0.236540418958    4.21510481006    0.9841    0.374378983695    4.20811797203    2.47066459984e-22    0.0    41.0523157386    44.1751332614    60.3053482385  
44936385.392    -9.07259032492    -0.0515224475916    0.0110926787423    0.0113366491256    3.92197148712    1.03712301161    0.346362734738    4.38702483067    0.19964569862    3.42652236111    0.9774    0.602520959272    1.98218170433    1.17590271138e-22    0.0    15.4616362619    15.6752067757    22.0175907709  
41467091.2465    -9.13812214353    0.112283209062    0.0288701612856    0.00952899240343    2.79189771159    4.39458538791    0.705254846545    3.48296890426    -0.694700668113    0.519665858888    0.9819    0.613383037527    2.283516569    1.27602123589e-22    0.0    15.7709924375    16.3854881564    22.7422167914  
42037778.9915    -9.19671828294    0.981859120641    0.185479275688    0.00351796181733    3.44253327014    1.89619294996    0.0895394863289    6.08839490732    -0.614304048538    2.48936028002    0.9825    -0.276295307363    5.42341606391    1.38243256893e-22    0.0    19.9183746138    17.4681353149    26.4929688528  
17091221.5158    -9.09349308076    0.976862823444    0.023212380449    0.00402693776079    2.94881761255    1.38955343245    -0.298473343328    2.11045792593    -0.910918026785    1.81168589079    0.9873    0.388790141303    4.94018411543    1.20593261443e-22    0.0    26.228213151    26.0388287123    36.9586223472  
15258061.0015    -9.44102586595    1.59825784539    0.077153155013    0.00208952485368    2.16566929108    2.77479843231    0.232093062249    5.0358324846    -0.10580526141    5.04009501355    0.9718    0.486088600466    3.53980797219    2.13550655879e-22    0.0    48.7138780143    48.2508729731    68.5652146052  
48796996.2717    -9.0574275488    0.743295641021    0.168611604363    0.00454332348486    5.00615575086    0.914672060498    -0.39171275053    1.07003785648    0.511986960254    5.16522848269    0.9818    0.273741130019    1.20049564459    1.15523677138e-22    0.0    14.9793847716    16.4574157132    22.2537300265  
60396074.732    -9.13922250585    0.563640817522    0.137327567095    0.00560075366956    2.22141070878    2.97353001782    0.496098650269    2.0952544047    -0.211983042442    3.64600591155    0.9785    -0.0960409381381    3.62415611873    1.2778812491e-22    0.0    22.3899758047    22.8865324878    32.0172513787  
57999706.8452    -9.05363039632    0.692982043818    0.195510615699    0.00464640535623    3.98987159344    1.07374346753    0.0694161849546    4.58911884419    0.386004370323    0.0879459495308    0.9976    -0.821302656757    1.60356799906    1.15011355545e-22    0.0    17.1748611095    16.3111185108    23.6860389514  
53127718.332    -8.98401728797    1.17291581574    0.0393871811134    0.00327864074388    1.80888242607    0.377375009825    0.948317845242    4.65863649173    -0.913946204732    1.56889020723    0.9979    0.993288029313    1.32357402251    1.06508521074e-22    0.0    18.6268445513    19.5636334908    27.0128690313  
28835995.6241    -9.49029691496    1.31251130733    0.10333129776    0.0027259848092    4.99944652243    2.97159606392    -0.0469025411342    0.629802228442    0.167305812332    2.27972301274    0.9834    -0.840575894998    4.66187768744    2.39809954421e-22    0.0    45.1758350451    50.1511945929    67.4981362047  
41706863.0353    -9.54569734417    0.522125716441    0.172046839481    0.00564853127607    6.04950402143    6.23902748948    0.6493300187    0.366192736153    -0.784694831764    2.32423230676    0.9958    0.086035158658    4.64039379644    2.77909785348e-22    0.0    21.7912097728    24.7481193863    32.9746301954  
47653131.0305    -9.0701042542    0.487465949795    0.152119724066    0.00596232335611    5.47876064498    4.6319583123    0.460235908511    4.88065650973    0.483366577042    0.150267668152    0.985    0.992887614711    5.67200124937    1.1724989115e-22    0.0    16.8568350371    17.0527081211    23.9780679315  
33078398.6114    -9.35557691653    0.526657785587    0.0324944932864    0.006282931446    5.13263069587    0.0695973836466    -0.089665675954    6.21699990453    0.0832000380255    3.48655294899    0.9884    -0.255604692709    2.03654666335    1.79312671067e-22    0.0    31.3083417669    29.0655233921    42.7202166925  
45951106.1041    -8.89281840139    1.52891198801    0.0825350133247    0.00223080828027    5.76811271154    0.277191006427    0.183470758214    6.26186295017    -0.247698180583    1.61111990016    0.9757    0.0827064254255    0.770674448678    9.73083750155e-23    0.0    15.1817509953    14.1272988559    20.7380359785  
53596690.3117    -9.27612144653    0.345921140075    0.192155248191    0.00659794320802    3.65283950427    5.5586752179    -0.90283384421    2.40139051608    0.818787794874    4.32433827334    0.9849    0.391725361194    2.27333291808    1.56055091803e-22    0.0    16.6381540415    15.065946806    22.4457328477  
38393831.0314    -9.32043453573    0.859063901892    0.00891586722707    0.00456584929088    5.76887879354    0.332651103675    -0.0233232614098    3.97943833882    -0.789444615866    1.72038424679    0.9667    0.856361755941    0.52858685741    1.68221232766e-22    0.0    27.8543521209    29.2951492901    40.4236404101  
61493093.7285    -9.03958040563    1.38882748054    0.182494995413    0.00234908120464    3.75633030817    5.20457229457    -0.183281655043    0.370379408473    0.372124010267    2.57532326754    0.9874    0.698628572081    1.52909954052    1.1317938248e-22    0.0    19.7115589079    20.4281682412    28.3875960988  
21565261.0956    -8.87649484685    1.31060212158    0.0676086339339    0.00280480984138    5.73055168567    5.92568896247    -0.870319239258    3.42958291054    0.959970345196    5.68929361403    0.9889    0.81396522242    4.30755120839    9.58509996135e-23    0.0    14.260044384    15.6858908456    21.1989631222  
16614438.458    -8.97603633719    1.59259898114    0.0483855364042    0.00214282365867    0.29732975716    6.10215738249    0.0210620678683    6.13417619355    0.316555775606    5.82306385046    0.998    0.728704893883    1.94307716013    1.0562595305e-22    0.0    19.9009857587    18.8707378744    27.4254258325  
41859778.1179    -9.22750664404    -0.386500920983    0.0131177176694    0.01583048062    4.32962226188    5.44766664598    -0.389797853321    1.17136012801    0.0934597317529    1.63112155241    0.99    -0.14115185983    6.21160503749    1.44637271533e-22    0.0    18.5865223498    18.2849510754    26.0729409329  
60839835.851    -9.22111333522    1.03575196152    0.0706856241113    0.00368415321743    1.82657545897    3.86535390241    -0.795150696194    5.34358661848    -0.577614754823    3.01086546727    0.9955    0.487742025507    5.31275515578    1.43258625841e-22    0.0    26.8187481162    25.6309169793    37.0970235426  
53280470.5229    -9.49985696681    1.61126739943    0.0615225455517    0.00208513416459    3.55272055779    5.27374456073    -0.576699958771    5.16608035728    0.929146047329    5.94261055155    0.998    -0.874208599125    2.58336975177    2.45638417527e-22    0.0    29.1884076668    30.702777353    42.3629989414  
26210580.1889    -9.3669178938    0.251670815167    0.120782319752    0.00776259990707    3.13757418342    0.928332253753    0.979383501448    5.93631501782    0.0673453163869    4.86967898125    0.998    -0.369576987894    1.51377016222    1.83226332314e-22    0.0    21.1397976004    19.7484380544    28.9290830856  
29616050.7863    -9.3930631739    1.3579368838    0.150511015291    0.00250052924602    4.55146646134    1.67462520315    -0.475681888538    5.10550529531    0.821818991103    6.15740482009    0.9721    -0.134721476554    3.5524900221    1.92881033324e-22    0.0    31.7932073458    32.7728239719    45.6603331615  
29774953.9117    -9.27244593701    0.094009704272    0.0724003338853    0.00943641045567    1.06852338584    1.98703489313    0.168715469239    6.14279487677    0.000796326710733    1.38848728311    0.985    -0.909823106614    6.01405514078    1.55126207249e-22    0.0    20.042963813    18.4263360245    27.2259115127  
49639954.9077    -9.41391531106    0.91939581077    0.186192254356    0.00374191569706    1.12915061172    5.55302394883    0.252544610522    4.67323657845    -0.948543401304    3.31549213598    0.9953    -0.759658855704    5.20619359223    2.01363860176e-22    0.0    24.156324445    22.5274127271    33.0304758499  
20410531.0195    -8.68716648895    0.719584391455    0.103547705344    0.00493120903172    1.91366458831    5.29035375888    0.155979115807    0.98097503962    0.915679889399    5.73486115383    0.9737    -0.342576913241    4.40373203912    8.21151423886e-23    0.0    14.4357638632    14.5267249598    20.4796732487  
42465252.0935    -9.02880119043    0.434132766243    0.0606714406011    0.0067702734469    6.21977431192    0.0414236356226    0.958749355734    4.8283374429    -0.329716883443    2.43885513611    0.9788    0.182387307455    6.23685725817    1.11808051724e-22    0.0    15.1814549513    15.1339959169    21.4362871517  
8684819.04604    -9.41084088961    0.884477578183    0.119167101719    0.00412834646293    3.15847257255    4.86887768729    0.535708056145    0.632314178168    -0.377044934998    3.42837003577    0.9786    0.0314063989    4.21569929874    2.00057620217e-22    0.0    12.1882508591    18.2867674533    21.9763355202  
24058231.7746    -9.0480453145    0.704784105381    0.0403215985287    0.00523301532818    1.46851854191    4.34224869588    -0.964729484808    0.926849911016    0.927061096982    4.14234773729    0.9697    0.888813512349    5.48401548252    1.14273444912e-22    0.0    15.9225828235    16.1454517507    22.6760723231  
61609862.8638    -9.27239352748    0.208270334413    0.0326331650226    0.00863774851868    5.90960426722    0.0317466824265    -0.703165229629    2.36377366732    -0.777891634547    6.16500281259    0.9864    0.519205304226    1.09846858977    1.55113254863e-22    0.0    14.1444066871    16.2667982974    21.5562744318  
27552634.1989    -9.13913076273    0.937902638252    0.123848876923    0.00389802464881    5.95285232708    0.368194070019    0.376712240911    5.2732568949    -0.372223645238    2.53062439747    0.9844    0.993098097232    0.377845151303    1.27774805373e-22    0.0    18.5219339757    19.1814791986    26.6644179094  
58057366.0444    -9.1486711047    1.13075952595    0.12930967919    0.00319915182335    3.94931067458    5.6988204247    -0.400719075602    2.57490763602    -0.211005663269    6.04870783393    0.9892    0.786643881146    6.15240965339    1.29385440494e-22    0.0    16.3994851042    18.0177036035    24.3635127768  
58759539.6574    -8.93496342921    1.1676286663    0.151328716921    0.00302237366958    1.01510343297    4.7523315349    -0.0294365435559    0.708245100013    0.543328093715    1.19384827476    0.9718    0.530799933261    5.54514704206    1.01320965628e-22    0.0    15.2376342356    16.9106483049    22.7630297454  
31679985.142    -8.8380871369    1.17861853464    0.156852506875    0.00297370917487    0.647717274179    2.15449573447    -0.681906507043    6.03959375693    0.374814172476    3.71740800227    0.9701    0.986304210637    5.54283451941    9.26184163755e-23    0.0    15.6976037467    15.5025036393    22.0622388364  
59058202.2022    -9.42765412898    0.440765062569    0.0455785606594    0.00679194057873    3.33571745439    5.03119226184    0.332424415244    4.93560171594    0.00649628110171    1.72058898614    0.9853    -0.121838284638    1.63617842211    2.07372251092e-22    0.0    20.2833030033    18.8859721124    27.7144785871  
56197955.4045    -8.57003882722    1.92767687024    0.160581607292    0.0014009622876    0.478274373412    0.0409537072908    0.0432982999896    4.17818947853    -0.941179351692    1.38768082128    0.9954    0.00996969345848    4.76948814671    7.57917144808e-23    0.0    14.0396793971    14.466912116    20.1594678438  
7819320.77817    -9.17842303479    1.59652390787    0.0575873067185    0.00212168716707    1.5589860492    2.63001682033    -0.0810797273977    2.9622584333    -0.0584703056927    2.25660562815    0.9851    0.760124346104    3.25848016759    1.34729018454e-22    0.0    15.9721061074    13.451938962    20.8821175972  
25528781.4155    -8.95033965075    1.01409733918    0.0954497073098    0.00369666737302    1.29346662573    1.39177957613    0.799419088426    4.52537900838    0.89305795564    2.99736540402    0.9912    0.946594364216    4.96928238423    1.02882885035e-22    0.0    16.3927427562    14.7837891483    22.0744747764  
36092161.7661    -9.02188301396    0.503450998739    0.0686116948672    0.00628264178716    1.73361316733    0.384887779552    -0.22755678997    0.174679065486    -0.86098530006    2.48565338536    0.9675    -0.0540175362314    1.0753364526    1.10957046009e-22    0.0    16.3656682597    16.1055757676    22.9613733995  
50025666.6168    -9.26586387281    -0.255848403928    0.0140995139202    0.0138842616916    3.29806217854    5.73210066783    0.351291513088    1.37951632764    0.420590715253    0.335670655816    0.996    -0.359154691886    0.396093854991    1.53508646314e-22    0.0    16.9059612231    15.2077809863    22.7395718386  
42952830.4551    -8.99519544327    1.60959046103    0.0052935086903    0.00215968438568    1.2505723811    2.54189068744    -0.89810934595    3.77283145244    -0.250313135113    5.76354909821    0.9701    0.0437915275721    3.45417991427    1.07781024617e-22    0.0    14.7949392546    14.3556615864    20.614927774  
49655294.0981    -9.24423138524    0.208801455533    0.174583377036    0.00770724745764    3.08233529628    5.33699886393    0.0808944759123    1.59389870314    -0.0114034260439    4.3425365983    0.99    0.516775677213    3.11055776425    1.48372914858e-22    0.0    15.9721945508    13.1120735358    20.6648849786  
49446303.9179    -9.21219134295    1.57449878369    0.00151725646088    0.00224112581475    1.37687760518    5.78387201442    -0.701767321835    1.74906602314    -0.38268767436    5.06271127584    0.973    0.566776515631    4.72909388125    1.41373333869e-22    0.0    21.971894659    22.60789506    31.5258794318  
37523552.5685    -9.20183313443    2.37901859078    0.00632178147058    0.00100000290438    3.16503452543    2.03064799019    -0.360746628008    0.321672893321    0.560919717734    1.60652045157    0.987    -0.769075788284    3.36595208182    1.39260076241e-22    0.0    20.0274035611    20.5539664241    28.6977774255  
30296725.8196    -9.1912911242    0.887584344854    0.0221855212405    0.00440554617206    1.04728475556    5.1811741562    -0.706352256914    2.12579856981    0.359839931209    0.304658577124    0.9956    0.932751996195    1.26537611811    1.37177899182e-22    0.0    17.5521038474    18.9630293754    25.8393659474  
39305976.1404    -9.45785401321    2.09905082703    0.160001951917    0.00118098237366    0.252420506829    5.17541528409    0.225951373361    0.796317778521    0.930434348797    4.50802022818    0.9929    -0.818921324233    2.13592450631    2.21872079562e-22    0.0    21.8201074911    23.1870514949    31.839542207  
19749269.3069    -9.3542109516    1.19715497854    0.0658414406337    0.00314559351384    1.4796674846    0.847097644224    -0.732396133259    1.76962361633    0.134388488167    5.93379796912    0.9937    -0.230642615116    0.730553917584    1.78870660718e-22    0.0    31.7368272223    32.6282242829    45.5173288099  
19482878.3558    -9.18517253984    1.28145825887    0.100624280221    0.0028180036053    2.5601215198    0.610830890092    0.276498888114    1.14982781942    0.646659077828    5.07412098014    0.9716    -0.0396607136255    4.84608866933    1.36000160929e-22    0.0    22.3615266985    21.0482588308    30.7093971952  
58823059.837    -9.27549039897    -0.315441026601    0.0262644092613    0.014637253617    5.56640393548    4.04275786733    -0.0530350266874    5.69885039662    0.397963876002    4.02363217601    0.9943    -0.334231379125    5.4721998584    1.55899536224e-22    0.0    13.8676910361    14.5844905422    20.1251141375  
58792148.6585    -9.36163234777    0.34767821386    0.0952656167657    0.00719936757497    0.917220206796    2.24365802138    0.385458095277    5.1085278038    0.0147957869043    4.01293741342    0.9768    -0.277961196279    0.498707286659    1.8138889998e-22    0.0    28.9844148958    28.3887737616    40.5711570274  
30543387.815    -9.47857056505    0.22152965621    0.15936447235    0.00772516969439    0.748702219441    1.06944465464    0.487233681873    4.41817409373    0.134289394623    1.81459511453    0.9882    0.982738252915    6.24834438974    2.32997887642e-22    0.0    25.0660658034    21.8537015618    33.2549534176  
40316115.537    -9.20154015138    0.618755011734    0.104539937342    0.00545002935233    4.98721181994    2.15259524808    -0.754532783769    1.6325601005    0.143499216535    5.76784780334    0.9807    -0.769774417814    0.840732839186    1.39205918676e-22    0.0    16.2277610222    16.1785125888    22.9147222846  
57636306.9823    -9.32661216155    0.71404039496    0.123107242047    0.00487913186011    3.1868683716    2.80445362052    -0.191035839559    6.17368498033    0.673398548562    1.24596343155    0.9975    0.747751452191    0.227349633495    1.70061554463e-22    0.0    27.0564695232    23.4121585677    35.7796270503  
44115068.2172    -9.08337745058    1.13388338256    0.0123224157074    0.00346245978525    2.35169526188    5.77111503771    0.409170152051    4.61022015798    0.577037196777    6.14582160306    0.9747    -0.00276286364928    0.178713999987    1.19121207583e-22    0.0    22.7948761665    23.3193657538    32.609802186  
43891126.5328    -9.52706771534    -0.759514456747    0.127727666072    0.0212113923712    3.70777836577    1.55068305947    -0.407891390824    2.05780655209    0.0321907646126    5.23912101112    0.9799    -0.356073850487    2.99217862326    2.63872225488e-22    0.0    16.1048195376    16.6755441913    23.1827303486  
27668240.2293    -9.15578162612    1.72922888399    0.187603778212    0.00166242964522    5.0497062814    4.30813087262    0.603571447427    0.808113008565    0.525239320843    4.78455444694    0.9758    0.285818284996    3.33567269293    1.30625988103e-22    0.0    24.2406097587    24.1280828208    34.2019230757  
47114681.7093    -9.28346025088    0.198585162067    0.0718382977693    0.008502811381    5.11424992929    4.19251717326    0.0441102088522    5.83833756409    0.88897236686    4.85828547306    0.9724    0.809157998488    4.3985605317    1.57954212574e-22    0.0    16.6835035519    16.3931488232    23.389626314  
36413884.5206    -8.9885445874    1.74887021825    0.108791436346    0.0017543122399    4.81151984189    2.05071411143    -0.884281210584    5.82105291876    0.798859223646    1.2920301969    0.9849    -0.917236460084    0.67061708475    1.0702291607e-22    0.0    21.8329540894    21.6596205475    30.7541386895  
40279134.8138    -9.2247545094    1.03049897777    0.124864670111    0.00355018952338    2.31690483962    2.29745576708    -0.362826860174    1.87478974842    -0.516196155796    4.5715633352    0.9831    -0.268969730214    1.08379072202    1.44041124904e-22    0.0    23.6242840303    24.2799220872    33.8765614032  
35966298.6876    -8.94341370765    1.16792821121    0.164376307091    0.00298383175901    5.83658126498    1.09977223346    0.816007929817    4.02928347475    -0.70021862101    3.42618779863    0.9713    0.856607626525    5.71717359636    1.02177146909e-22    0.0    15.8178764375    16.3120160397    22.7219515507  
52518115.6789    -9.00666066423    1.17375880742    0.0802324869608    0.00318739487106    0.598013956249    5.39452452374    -0.294959644193    5.37899127528    0.770162787858    0.0684140586409    0.9708    -0.0739310749885    2.75766162687    1.09121756669e-22    0.0    15.0098235402    18.1606623196    23.5606548847  
52042403.6589    -9.14760656085    0.846994293797    0.0161166166971    0.00460350654831    1.52978342802    4.82815996816    0.419469299402    5.33374822502    0.66976800866    2.93101856121    0.9849    -0.778550487496    0.105100622391    1.29214237582e-22    0.0    19.2693033968    19.4557081726    27.3830355128  
35726498.1767    -9.03155720296    0.488711122537    0.136235884953    0.00604244912685    5.11122653889    5.69512307382    -0.464060277141    0.290106044005    0.713300574354    4.71126064498    0.9679    0.663554424058    4.05822213259    1.12151543105e-22    0.0    18.8342203734    18.8329690339    26.6347250729  
18118607.2846    -9.45344761052    -0.699249345461    0.113913844185    0.020206296018    1.52713216848    5.05279741216    0.270792227457    4.84165951233    0.872158066714    3.61303041263    0.9839    0.466127217197    4.59399187058    2.19601676572e-22    0.0    20.5089009854    19.0023390226    27.9589682921  
57615309.7528    -9.05780805826    1.9324305906    0.0722952779811    0.00150114625439    4.39728836392    1.19539052956    -0.2032504243    4.87831991551    0.931529536066    2.3730757845    0.9874    0.99646252837    1.5566823895    1.15564635743e-22    0.0    15.8388556303    14.333354706    21.3615169126  
37477457.9235    -9.04378305407    0.66092233737    0.117966579628    0.00516777769586    3.66243144622    2.16228264123    -0.505630786791    0.859701281489    0.990424196813    5.19487150294    0.9703    0.500559767757    4.66407902682    1.13714260176e-22    0.0    24.5541994226    25.0515262812    35.0783078027  
36123184.155    -9.22390537971    1.81031264443    0.199666103801    0.0015132363104    5.17491010061    3.20879205325    -0.674960225229    1.75831430916    0.835969089671    4.35480891819    0.9764    -0.00613765095754    0.798648777447    1.43854076307e-22    0.0    18.1756897783    18.4001066279    25.8634804857  
59787562.5231    -9.10930613111    1.05085059172    0.00889141951642    0.0037690790646    5.27610467879    2.62166813787    0.0366909128135    2.98370549926    -0.2945682328    4.05251959644    0.9939    -0.687396832051    4.31143011053    1.22987842894e-22    0.0    22.5663726442    20.1671795993    30.2647700686  
56138534.3677    -9.31309324378    1.64122507763    0.169568602459    0.00184924350497    2.94241995792    3.96908603363    -0.53619424792    5.20038534983    0.0542696523075    5.89166203355    0.988    0.655377426578    3.4003030947    1.66080319553e-22    0.0    31.4088604493    33.6546301593    46.0342334126  
43318270.8186    -8.89425363666    0.624863396291    0.0793289566018    0.00552209346893    2.76510908817    0.477797821458    -0.446966740221    2.60023336457    0.965249472716    2.32314970168    0.998    0.493487539696    4.78881950234    9.74409107624e-23    0.0    14.6474044035    14.5462908944    20.6431837308  
39438294.3    -9.06583238646    -0.0495999378216    0.0659915649174    0.0109424994571    4.22480614216    1.08907895204    0.0417695311413    1.48846685115    0.889292721623    4.27993912293    0.974    0.438638086451    4.67157250044    1.1666154374e-22    0.0    17.4582160702    16.144704108    23.7789986982  
42123136.4644    -9.3711896777    0.300128229895    0.0853629306038    0.00760689450608    3.3376866423    2.68698872227    0.20413365241    0.33913973924    0.227292324197    0.52639839109    0.969    -0.564868875594    5.96620759699    1.84751637778e-22    0.0    23.6083330936    23.2019257619    33.1010989322  
44727356.0436    -9.05413585103    0.259360333116    0.0574355094711    0.00808067920133    2.15538505277    3.75844090023    0.133065793315    2.95778837763    0.710139500705    0.741564843795    0.9937    -0.619284849871    6.11381709446    1.1508252116e-22    0.0    15.9021244416    14.6273446243    21.6064058213  
33332040.7884    -9.22600454082    0.470872061309    0.031371279969    0.00664779878786    3.38239793821    4.938576843    0.196733518783    4.12115883664    0.415776402989    4.39465865035    0.9951    0.572422329862    0.699379114258    1.44306135329e-22    0.0    17.9672002335    18.7349848907    25.9580419733  
49715426.0611    -9.58567878192    1.77596684244    0.125474724595    0.00168372329256    0.103901228604    2.65107498213    -0.40659609488    1.71387200259    -0.664708572347    5.17118851994    0.9936    -0.392792925068    6.19702383983    3.13550498489e-22    0.0    65.9064977956    65.1870626201    92.6985414379  
58009540.8603    -8.9089754767    0.866879794114    0.0867581563138    0.00431139869803    1.25054839286    5.36517146255    -0.291357476055    1.47797570738    -0.681860922894    5.477461943    0.996    -0.0523869359319    4.63849996183    9.88016514097e-23    0.0    15.8098206655    14.5676191312    21.4980454141  
34774889.151    -8.91302842611    1.11749275599    0.0760220539122    0.00338216040085    4.79710292203    3.23760472101    -0.175040032819    5.18786724708    -0.300678193189    3.28542264334    0.9719    0.288764434633    6.1199980256    9.91847925066e-23    0.0    15.1445364211    14.6605073689    21.0781275194  
48141602.8105    -9.50401059072    1.26610092325    0.0169541797598    0.00302603635989    0.174949884208    1.39594859865    0.390003007291    1.46571336274    -0.825283295215    5.52277102744    0.9922    0.494675240251    4.18792232931    2.48259028762e-22    0.0    45.1339940157    38.6787873602    59.4401043696  
