tPlunge     logmu     logM     ePlunge     nuPlunge     gamPlunge     phiPlunge     costhetaSky     phiSky     cosLambda     alpPlunge     SMBHspin     costhetaSpin     phiSpin     Zeta     SMBHQuad      SNRI     SNRII     SNR_tot   
32090228.3859    -9.27585846165    0.0876038190112    0.120073853076    0.00915211134466    5.98430885099    1.94232092002    -0.198401264483    3.79342323698    0.895430092248    2.57705659082    0.9888    0.717628106761    4.07541314878    1.55989101201e-22    0.0    15.3913597522    16.890884633    22.8516069173  
62815243.2011    -9.5038124074    0.104875185665    0.0462424629881    0.0094992039086    3.32592990323    4.82074385011    -0.135749833194    1.36330574737    -0.995074533161    6.04089496764    0.9669    0.46769198606    3.30253995375    2.48146636339e-22    0.0    25.7501150476    23.8623397783    35.1066900271  
43528611.3747    -8.9549837398    1.00530859697    0.172817149915    0.00348141134131    5.87648490175    0.692183382464    -0.2756583285    2.3549505928    -0.0756313837156    0.771543199736    0.9753    0.80829899189    2.58878426168    1.0336921026e-22    0.0    17.6519987061    19.0674620623    25.9838636045  
48297388.443    -9.40209150798    1.19785896762    0.16998100571    0.00287983013311    4.07240671684    1.01439604364    -0.441190958268    2.90085023608    -0.465149665737    4.35575821071    0.984    -0.0408164684796    3.61882188311    1.96461810611e-22    0.0    40.3341246835    38.6230868534    55.8442875509  
35479788.6047    -9.08277028602    0.899166350619    0.160835668489    0.00391738194638    0.289217097924    4.85236524805    0.4967264344    5.11716677496    0.537269515711    5.85383011844    0.9677    0.902799898809    1.42638212156    1.19036728859e-22    0.0    14.1887178039    15.8206321414    21.2511673626  
48758157.9133    -9.14492708036    1.21417299451    0.120968907781    0.00296434706078    1.46507704501    0.655949711503    0.378668342476    1.53424088311    0.701069592176    1.92061425203    0.967    0.370795190867    3.52485385497    1.28751987243e-22    0.0    18.5318419249    15.7100633649    24.2947577897  
43471485.346    -8.94760896297    1.86901476988    0.168703831561    0.00147380570552    1.7618784521    0.777512384357    0.270958615673    1.21857468973    0.630499309841    5.85644377734    0.9961    -0.28569172421    0.970799063124    1.02606248626e-22    0.0    15.1137748728    15.1230237992    21.3806463826  
34874672.4797    -8.85486031031    0.701098084123    0.0958011051193    0.00505389356586    3.26692523246    5.14786673504    -0.555141316223    4.74075442691    0.85084756086    5.38731988309    0.9916    0.370388234567    1.67715147201    9.3997675373e-23    0.0    15.7041836316    15.4035486082    21.9975156157  
37916635.4931    -9.408976732    -0.730533516508    0.0568286544363    0.0217534396209    4.38447810059    1.53656622267    -0.575362855115    1.2489094979    0.0947539623935    5.90039612608    0.9793    -0.24238170712    6.01018159064    1.99282578789e-22    0.0    19.2592603205    19.7070639992    27.5551715574  
54857105.2793    -9.52288473798    -0.153205477571    0.0660422962693    0.0121365901553    5.69353498365    5.54618442649    -0.979032165375    4.9092558887    0.182763266533    3.12165539863    0.9711    -0.0319040870826    0.345642395661    2.60874189046e-22    0.0    32.2309899229    31.823146267    45.2940321647  
26875574.9598    -8.68413530039    1.64226806616    0.0436517890264    0.00204508912328    2.30131256808    1.24772910397    0.407602751905    0.585036863444    0.0182953060124    4.51446636167    0.9901    -0.638755850554    2.29554927729    8.19335106851e-23    0.0    14.7562996703    13.8022447629    20.2052057761  
62198730.2688    -9.27297018342    1.60490231291    0.161966660973    0.00193206367583    0.674195290478    2.82130088215    -0.879031469512    5.58911058635    0.392176389823    4.51999156639    0.9946    0.62393214039    4.17040969835    1.55261207898e-22    0.0    31.4929791383    31.6882310451    44.6760754966  
38628000.9858    -8.98893923597    0.511526857726    0.107825985851    0.00605087919562    6.1420291672    3.26363138891    0.311626016459    1.81529467351    0.8482098731    5.39878694513    0.985    0.0963830585105    5.36159609569    1.07066664035e-22    0.0    16.422918675    14.9729953166    22.2239250934  
38741092.287    -9.22670524155    1.06147521246    0.063841949171    0.00360763179085    4.67959264782    4.49069623385    0.775030808583    5.22192507479    -0.35059248928    0.718451121412    0.9962    -0.80976097413    3.02507721883    1.44453511886e-22    0.0    18.3044227171    18.5457963356    26.0575987522  
35907549.029    -9.04737552212    0.240792226004    0.00922385632081    0.00847155690067    0.342638739376    1.02599566923    0.349289488168    4.13519207109    0.31769383609    3.78942604532    0.9929    0.780052219443    2.96100997831    1.14186726282e-22    0.0    14.9471014964    15.0428697752    21.2062201775  
60096830.7699    -9.15933253393    0.490571332295    0.0808504101329    0.00630876691311    2.92733069381    5.04841212898    0.653905896293    0.240686448322    0.797594275227    3.01357931006    0.9716    0.148314560155    4.3693943216    1.31255821412e-22    0.0    16.2058949506    15.9387622229    22.7304899276  
39903155.9427    -9.40777589127    1.0452696554    0.131175398476    0.0034789828848    3.11603853678    4.85585965217    -0.103768161654    2.6624660836    -0.259402692692    3.48140916638    0.9803    -0.402419058191    3.5216639019    1.98810747286e-22    0.0    30.2436570614    31.1126902642    43.3898408377  
11171132.8122    -9.30759528486    0.189416931195    0.00744996356065    0.00892644713081    5.4956574662    0.410234320688    0.255110509905    4.46795207243    0.763875000669    1.80486543092    0.9929    0.462668789024    3.71445165069    1.64505925583e-22    0.0    22.7230780846    22.6421219673    32.0780916643  
32503438.7167    -9.64710127016    -0.407518067501    0.10811396157    0.015165379175    2.02284191681    1.1761450988    0.0990783751753    2.10313888617    0.995835049351    2.02005601133    0.9853    0.290016760308    4.28709169732    3.8920630576e-22    0.0    37.3130635648    37.7981183557    53.1127335374  
61839339.8491    -8.66779780322    1.48522090583    0.16873274138    0.00216325295792    0.459214680604    2.71945656152    -0.57344488    5.46888238251    0.0797116705147    1.85362067033    0.9972    -0.664017543158    1.35760493894    8.0973260652e-23    0.0    17.3749832076    16.7796380001    24.1546329485  
45082581.8803    -8.96399056534    1.26386215923    0.183941855113    0.00265776330664    3.21774321354    4.36003607467    0.779753553788    4.07151321058    -0.271550472139    0.147264823769    0.9746    0.208303431446    3.03112439405    1.04319254017e-22    0.0    18.1284415946    17.3483904984    25.0919717745  
24193463.2658    -9.24367106126    1.32220115496    0.086334453046    0.0027353455346    5.63250056315    1.13393832845    -0.487634421196    1.90265648885    -0.973713644396    3.99949639374    0.9778    0.133472263336    2.49463452994    1.48238280777e-22    0.0    26.0428639287    23.9530499934    35.3833204433  
35697549.1372    -9.10499683281    1.66925933433    0.167403627159    0.0018019935626    4.65127936243    1.8507725829    0.198294813718    3.09887494136    -0.408859218098    2.80766986402    0.9753    -0.857654883012    5.82833481578    1.22318120216e-22    0.0    23.7486743473    23.0324240487    33.0831088445  
51483663.853    -8.82977122122    1.35778626422    0.195763526129    0.00238933862491    5.08599919369    1.97528556747    0.766945694457    5.67600070319    0.196411052517    3.01665105372    0.9906    0.111435941451    4.08810252269    9.19575746873e-23    0.0    18.0343901096    18.1490425664    25.5856790549  
26855996.4771    -8.86509581421    2.08853173168    0.0902824755067    0.00126738467637    3.30690987155    1.3195591008    0.0299375964887    2.38796362426    0.117325476244    3.00372797242    0.9921    0.103289768175    0.632982887017    9.48686135431e-23    0.0    14.375598502    15.4756041754    21.1223141934  
37487862.1832    -8.76884762532    1.38555263478    0.0175297847609    0.00268447715038    1.8176342852    0.630055181153    -0.0557894073043    0.632427978928    0.94630127519    2.27627572983    0.968    -0.224276937807    1.10911404115    8.74105320793e-23    0.0    19.2373267836    20.0093876991    27.7569871902  
56084949.0027    -8.96927902993    1.08518903714    0.150708327489    0.00328400953142    2.64034546353    0.269482526336    -0.424826020563    1.93516076355    -0.766133813536    5.73522751844    0.9741    -0.408054559789    5.40521577889    1.048923335e-22    0.0    15.1830597945    14.2115704995    20.7964910691  
36106128.0371    -9.28951958695    0.696791961364    0.172418601328    0.00474150959786    0.13037580562    2.20368648391    0.542148032333    3.33974796572    -0.86717616092    3.39160481349    0.989    0.130671046779    4.48236304349    1.59550721687e-22    0.0    21.5295048297    21.4518233662    30.3924382692  
55523269.9234    -9.26160346215    0.20363307962    0.0758247026592    0.0084360636267    0.692945161289    0.608039796304    -0.6410342957    3.50317973126    0.0954507896269    3.12090459658    0.9767    0.178705341892    2.91322403143    1.52463001025e-22    0.0    22.5209030477    22.6645991837    31.9511366033  
20783287.8463    -9.34831323688    -0.733651628457    0.0585062998416    0.0217970751324    2.57745068372    5.24710563396    0.973453666522    1.77535249101    0.870735651134    0.945845234184    0.9901    0.991793162517    2.11008696676    1.76908644545e-22    0.0    14.5782447315    14.6805225384    20.6891991496  
53592588.9273    -8.78166259189    1.53921457043    0.131111110709    0.00212304545762    0.697306653745    1.21193217268    -0.0158697563248    3.63052572353    0.353767780975    5.22269644149    0.9712    -0.0740991598802    2.88011175603    8.83179342729e-23    0.0    14.0292293256    14.2694278894    20.0108932274  
44424894.1272    -9.38505370823    -0.779602440186    0.00316107677113    0.0235764127847    0.457264482578    0.24164558149    -0.730928811761    4.37402875114    0.867122697249    2.42873911617    0.986    -0.806973209552    3.0409767301    1.89835414374e-22    0.0    15.7938084296    14.6737522607    21.5583716946  
13038495.1365    -9.32324283029    1.67827848552    0.0735559188096    0.00193380285496    5.43390066128    5.50011240183    0.924155414806    0.725586749843    -0.574017413323    5.06337296408    0.9771    -0.263909435894    5.92371837756    1.69063189338e-22    0.0    18.8687407502    18.4369439937    26.3808696089  
52423376.1029    -9.15159284591    1.49026467838    0.114504977048    0.00226141398227    5.24914255106    5.19462163589    0.0569929619261    1.30743190682    0.964961425616    6.11465939628    0.9932    -0.153160183516    2.52485062881    1.29899253093e-22    0.0    17.054510744    17.0941734699    24.1467824635  
46233145.4908    -9.46063372313    -0.109375143467    0.139415756979    0.0109576222715    0.64234629633    5.87085385916    -0.086514916592    3.43654583013    0.698354784113    3.47984340807    0.983    0.902257359974    3.15709745459    2.2330057052e-22    0.0    22.3703778182    22.1278684887    31.4654789822  
29631474.8817    -9.54818010406    -0.53701334263    0.105742265593    0.0172951317213    4.58889168129    0.407438010222    0.419410155099    1.27546066537    -0.459208215107    3.30403464077    0.9825    -0.726237475574    4.08950042866    2.79953109549e-22    0.0    18.1027663331    18.6556357802    25.9950552081  
47621117.1111    -8.97490694363    1.12100765511    0.198607307636    0.00301835112806    0.179870979133    4.53449810417    -0.313594679005    1.44846063115    0.785742953097    2.75541155459    0.9881    -0.550967536801    1.82951412258    1.05503937848e-22    0.0    20.9600708787    20.8778959519    29.583967121  
45081863.7798    -9.05169518326    1.50013126389    0.168899244817    0.00213088442007    1.16414082381    2.85090575281    0.629381374946    3.11356550108    0.632592721612    5.94552547016    0.978    0.764720355056    5.10121250046    1.14752171094e-22    0.0    17.908801039    17.1275384614    24.7805917686  
29322466.4062    -9.12849988811    0.916527580075    0.0375125428227    0.00424167900178    2.17487724844    2.94201182767    -0.975839624218    2.48755145716    0.522257768891    4.68493871964    0.9784    0.0433029717942    3.98178642932    1.26025616708e-22    0.0    16.6366077931    16.2625360878    23.2647114503  
4804149.31733    -9.41609119587    2.20989119717    0.194508137271    0.00102047176421    2.96527704856    3.82557008325    0.237432393035    0.0202899156742    -0.980679179717    1.82780822496    0.98    -0.629765173321    0.305140734955    2.02293246552e-22    0.0    19.4436135646    16.1107596762    25.2509541561  
22393567.2113    -9.1152451068    0.679030844764    0.0720141665068    0.00525840187889    4.30532355212    5.31076530483    -0.385289677365    5.60020534348    -0.0755316697531    2.89328149529    0.9872    0.746866277344    4.54110476856    1.23911359144e-22    0.0    13.7488708407    15.541898106    20.7504709858  
15705927.908    -9.16341292794    0.452873195936    0.0281827813138    0.00678116097443    1.29933679628    5.69726076406    0.410640150713    5.74618205715    0.359653321203    1.5783829238    0.9685    0.214162093848    5.32043846233    1.31980244394e-22    0.0    15.8221053272    15.4927363976    22.1441617152  
36285518.7306    -9.1482081203    1.47776156685    0.173697222754    0.00216863339114    3.59415165516    5.21737585384    -0.522758098019    6.13638227083    0.550778208696    5.45271128592    0.9908    -0.308167688493    1.35900506039    1.29315826632e-22    0.0    26.1606298488    26.5973352125    37.3067928733  
62140965.2052    -9.52301939998    1.79625865867    0.040656687054    0.00175647159446    1.6680043711    3.5541436097    0.94709861138    2.98950161394    0.781269042455    4.26496837567    0.998    0.0517635520361    0.509260100264    2.6099232727e-22    0.0    43.2724099705    42.2068947194    60.4476916557  
57133500.2299    -9.20957941036    1.12419222849    0.018049341006    0.00348532188134    1.10732191417    5.42057155524    0.63324675318    2.29392439467    0.283935761895    4.55723729537    0.984    0.403956622244    0.14270951747    1.40845797142e-22    0.0    26.6575241356    27.1800950786    38.0707389149  
26832718.4698    -9.11131161343    0.562308879252    0.0375008109466    0.0060447189989    5.51107637975    2.98598495493    0.276928636469    0.937286097327    0.881814636426    2.25121151266    0.9678    0.787224609515    3.3713422382    1.23288794676e-22    0.0    14.1717997402    14.4989301683    20.274587145  
44155261.2169    -8.72103985732    1.16810260007    0.194724198428    0.00289163205924    5.15774242759    3.6133059028    -0.766696750559    1.76422923326    0.429190486246    4.49882623088    0.9979    0.505249980305    2.79566788674    8.42120285575e-23    0.0    15.2907562835    15.0060808255    21.4240446569  
58686851.4491    -8.83439390757    1.74851743834    0.195082505189    0.00161772400824    0.270264231527    5.31026424898    -0.0620184050629    5.65100816609    0.632592721612    1.22166247433    0.9722    0.282243811435    5.17425455408    9.23224124102e-23    0.0    14.3465979092    15.1579207025    20.870731458  
62400066.6964    -9.18709561736    0.609022402276    0.140778605682    0.00533560607829    4.37433883626    3.0456869898    0.833624740714    2.83143412857    0.592610860164    1.96215871105    0.9692    -0.786707537865    1.87020786178    1.36377394895e-22    0.0    21.7127395331    20.7732591397    30.0494817479  
14128702.1194    -8.7133094493    1.02593471853    0.0502751521253    0.00377189993725    2.79483767283    3.42668876313    0.571884294689    5.13281295366    0.966003270263    3.35259954419    0.9669    0.987331859207    5.9934932089    8.37217609546e-23    0.0    14.5314402475    14.5382075403    20.5553456345  
50195353.9498    -9.54438947959    -0.297207746121    0.0554184664885    0.0141169534611    5.84918167573    0.249047401913    0.903576459387    5.8166895196    0.224954488057    1.43113422378    0.9849    -0.866715033916    1.36751275295    2.76911034712e-22    0.0    25.9256913874    26.1356969707    36.8132602476  
51933926.4369    -9.48918967545    -0.151516347834    0.145280580399    0.0113682067661    2.81928609828    4.19846509488    0.195931516811    4.98096494442    0.699213183215    2.12482220572    0.9939    -0.220160714614    4.13829305277    2.39115138604e-22    0.0    25.6914714681    23.5385399079    34.8441468139  
49415487.1544    -8.89590670779    1.63749905862    0.061489981558    0.0020311934524    4.28303443265    1.72540469003    0.329249407322    3.89963284309    0.531521946097    2.18827169661    0.9784    -0.252975557818    4.69463716624    9.75917778427e-23    0.0    13.9832411334    15.4031184562    20.8035355353  
46480791.3243    -9.37716608006    0.339282495352    0.077976320146    0.00735454237787    4.48233705397    0.417485480976    -0.711088369244    4.88415709361    0.178042025866    2.40464152856    0.9829    -0.176923668559    5.50200538487    1.86915349305e-22    0.0    19.6964686309    18.7079742707    27.1650359441  
43288563.6774    -9.46819051414    0.34726922028    0.0526160176636    0.00742409947181    2.85870361111    2.41581612189    0.510715733464    5.06431772291    -0.0230016444537    1.46259243    0.9899    0.881218155751    1.71883960489    2.27275380776e-22    0.0    43.9275647132    43.0732464199    61.5218294492  
16933377.0205    -9.27696346321    0.599514776171    0.122084614019    0.00547595129971    5.63034457328    2.46479356705    0.1318379001    2.14923252912    0.429190486246    1.79779708412    0.9934    0.523890813261    2.88239982297    1.56272244966e-22    0.0    17.4205362171    18.4406606716    25.3679531712  
44558012.9747    -9.59150257521    0.232937241071    0.0200409032821    0.00848849790782    0.795605294262    0.454564980079    0.887056270607    0.635655637723    -0.804660636847    0.613462697695    0.9858    -0.829525909483    2.60722706699    3.19519243813e-22    0.0    43.4850536985    43.5281598694    61.5276409167  
33829506.1254    -9.09797306015    0.503116002109    0.148481265844    0.00588979458364    3.06099754369    4.35057252959    0.595350055548    1.83641129813    -0.851166511387    6.06151181726    0.9827    0.0433198029247    4.74864129767    1.21268898926e-22    0.0    15.4939950388    15.535210773    21.9409812001  
52547627.8244    -9.15620147079    0.695639108097    0.108940947477    0.00502882546358    4.44495864811    3.05909608508    -0.954825987314    3.86978571386    0.880111179731    5.74916219972    0.9863    -0.336131828393    4.21370491473    1.30704277403e-22    0.0    19.2396970552    19.4706685618    27.3728492675  
51859118.5475    -9.38329551754    0.430091890287    0.0230857057361    0.0069576989824    3.68149665558    2.97663288495    -0.634682172733    3.87653133153    -0.58209569802    5.47866679506    0.9711    -0.818440969625    1.16236025708    1.8917462976e-22    0.0    30.3570060445    29.0298185141    42.0033115236  
21104685.8359    -9.25524668734    0.132622995306    0.0672680310778    0.00911162117898    5.03995088824    3.75770783041    -0.350392905464    4.38129743295    0.777509835561    4.09562074365    0.9678    0.634178273641    5.9015695208    1.50929737541e-22    0.0    14.8168640115    14.4337084622    20.6850525527  
31060698.1023    -8.96695947115    0.851033106869    0.0618254622222    0.00445872488816    5.50726071886    2.82514728449    0.477435182724    5.62520493973    -0.367764287603    0.702052132907    0.9856    0.277187279128    1.07865978495    1.04637914587e-22    0.0    13.5330325749    15.4251686914    20.5202046733  
49212815.7536    -9.16115961743    0.983109268261    0.0239078769183    0.00400028479634    3.20313026345    5.75662632291    -0.34971117857    2.4316533569    0.0685425432834    4.59750707204    0.9942    0.142898938448    3.65096605632    1.31570247676e-22    0.0    27.579712558    28.5206566879    39.674530907  
56776591.8051    -9.03833548888    1.71611844646    0.0137830884049    0.00193278083591    6.08287315612    0.555085637451    0.0803840931544    3.55073961904    0.768373798492    3.99610272183    0.973    -0.318528486904    5.3379351928    1.13014046867e-22    0.0    16.3646145202    15.7676564952    22.7248674308  
4290811.77273    -9.16944669754    0.914033941703    0.0183775619019    0.00429966721777    0.474652544749    5.28093694242    -0.417321357133    6.20933382867    0.720204002709    1.63123995525    0.9824    -0.796310169482    0.784830560147    1.330715311e-22    0.0    17.5235361484    17.5371232631    24.7916318844  
50804047.6147    -9.4956550041    -0.0702531844345    0.01641563238    0.0115179016187    6.19235890533    5.5436786192    -0.885723547305    5.38715049689    -0.177754040416    1.20605891332    0.9567    0.25132855896    5.06714566397    2.43020469286e-22    0.0    28.1692316418    27.8815637778    39.6344195112  
20915762.4289    -9.60266939417    1.13129153384    0.179044280383    0.00304994055639    0.269028065788    0.985165980256    0.616078869848    5.82537436396    0.119013564874    0.903736321152    0.9935    0.447992643063    2.51613429114    3.31483952418e-22    0.0    68.9178174302    67.5865994798    96.5277886859  
59937755.356    -8.84022799236    1.08253220739    0.0589707769653    0.00354409219377    0.865704231697    4.47598958721    0.464878659599    0.545565786306    0.0368879559637    0.273106396099    0.9732    -0.879981006312    5.0172593359    9.27928364377e-23    0.0    14.7336863581    13.7635123381    20.1622366215  
34214362.9895    -8.95315398287    1.67005260216    0.0390988658476    0.001994649677    5.59492786278    4.92648843767    0.294323181201    3.74457351715    -0.797297012607    5.37223451447    0.9696    -0.0426492641254    5.87374841557    1.03180948656e-22    0.0    17.1777390374    18.1272950136    24.9734567681  
30546194.9937    -8.97908036077    1.6374487275    0.0848307216444    0.00199796694037    1.42423385302    5.38420153706    -0.513558216776    0.352056775105    0.876477562919    5.66981077433    0.9711    0.999035455441    2.05866694373    1.05965678625e-22    0.0    14.3252698722    14.9463588862    20.702825915  
61269002.4832    -8.70172107469    1.24337420046    0.0450893816783    0.0030447998768    0.998112311348    3.41957767786    0.766728818618    2.32815179824    0.159117131566    5.56039355217    0.9773    -0.736339271857    2.40946958043    8.29968640152e-23    0.0    15.5801815852    16.3970502265    22.6186939136  
55456399.3431    -9.39911265561    -0.414425622746    0.0150978728707    0.0162613750897    3.59097986283    2.38729920792    0.0800176447483    0.480056458997    0.974390936668    0.926432295556    0.9818    0.141664345828    3.40772728353    1.95287532424e-22    0.0    33.9137332664    34.240144005    48.1926214845  
50661035.7456    -9.64710127016    -0.77915530151    0.0858448579388    0.0223757902614    2.03054603447    5.6447697788    0.95020228519    0.5256266972    0.187873188679    3.76988749806    0.9872    -0.612692611121    0.669967274999    3.89302853061e-22    0.0    29.2734090964    30.302557377    42.13285492  
43048576.5443    -8.92896031642    1.63069492005    0.0411632770853    0.00207209172897    1.66392115113    4.96992584042    0.585002083647    6.11369558802    -0.265192604186    0.327705654016    0.979    -0.727830055307    1.69499168731    1.00732194686e-22    0.0    14.7155830725    13.8596096835    20.2147759261  
37179032.3433    -9.39300404604    0.875604434679    0.0746763966074    0.00431184230545    6.23352772302    0.94794408642    -0.591085353256    0.491889718684    -0.0872924304044    0.607803591034    0.9862    -0.495499873887    5.32030879353    1.92883244413e-22    0.0    41.3522668793    40.6300129106    57.9724755826  
13192683.2686    -8.79786683733    1.46337337109    0.00734425630864    0.00249706761063    2.5533132747    4.99898794713    -0.652441114678    1.87610018992    -0.419326822147    4.93111245    0.9682    0.803330205196    2.78475650873    8.95069241649e-23    0.0    17.4779027466    17.1698483788    24.5006281097  
31569586.1952    -9.03361888932    1.36577642468    0.140649012272    0.00250369130661    1.82531702063    1.19840926987    0.655128678907    1.99938941539    -0.073736690235    1.64756414445    0.9778    0.627887556377    0.861365471623    1.12415418764e-22    0.0    19.7016149856    19.7021905659    27.862698113  
16350287.1056    -9.09753295804    1.93323118846    0.0744734928153    0.00149762893534    2.26412853861    5.49387169564    0.500079227893    3.32683997452    -0.482847672538    6.26414009192    0.9944    -0.464364987978    1.67949776851    1.21201950132e-22    0.0    19.281192923    16.0555176693    25.0907163741  
37565340.1814    -9.19400102182    1.6341356365    0.147851254178    0.00190177563166    6.2194299963    4.68570770066    -0.00957932208707    2.50710319082    0.477226858344    0.123411426659    0.998    -0.779850503404    2.08627334975    1.37710912659e-22    0.0    21.786237264    24.7276444538    32.9559787346  
13554164.1022    -8.97927580688    1.39755417321    0.0891182942105    0.00253150513501    4.67588155943    5.06651737034    -0.708257853188    1.45785690641    0.404375881087    5.95513804677    0.9675    0.679793395738    2.75154345649    1.05981660333e-22    0.0    20.3063427338    19.9678705209    28.4791749944  
46139566.4489    -9.21189530979    2.23609725556    0.148488014713    0.0010410539139    4.28072627817    0.14352676259    0.676975410386    4.57759026213    0.628712407183    3.34546161229    0.9978    0.811097770242    1.73876593596    1.4132659945e-22    0.0    18.6625354476    19.873365976    27.2624449481  
21252327.141    -8.79052461274    1.70120436349    0.0658920037802    0.00190012263873    3.23936015419    0.00814869199865    0.385580778131    0.398855326892    -0.0511813017018    0.722611645398    0.9714    0.460695435282    5.85324067255    8.8963086928e-23    0.0    14.5347032257    14.6676803722    20.649417555  
43943984.6565    -9.43755794075    0.974731849768    0.0713991094289    0.00391399853499    3.3914843465    0.309268587288    0.217063400179    5.53403555861    0.826688378579    5.0852658468    0.998    0.728449348323    5.27059117737    2.11893372141e-22    0.0    46.9023155661    49.5150602865    68.2024075868  
56053972.9459    -9.04407498226    1.3815698018    0.0827793486042    0.00258448501253    4.67841828101    6.1226491438    0.396785215348    4.57598137382    -0.597358794388    5.68216564637    0.9971    -0.205425131581    5.91843556167    1.13756588489e-22    0.0    18.5458241929    17.8508894212    25.7410537493  
31217794.1549    -9.02408835668    1.17590308826    0.018557840442    0.00330874479928    5.91541671689    5.64726067519    -0.769191461635    6.14891813776    0.883927883668    2.41262660733    0.9712    0.705901057404    3.10537570067    1.11222857345e-22    0.0    26.4255818886    26.200187061    37.2123793942  
25157792.811    -9.03465132865    0.416999961069    0.0733211097022    0.00682732943299    2.93489863947    3.70805131198    -0.788224693009    3.84632728688    -0.634996255757    5.64944475704    0.9955    0.217809342359    0.3631522346    1.12546046181e-22    0.0    14.5012085224    14.9720806024    20.843422132  
9256024.90931    -8.74552413941    1.90001752103    0.0526752624909    0.00157136489071    0.114694428701    1.44622785617    -0.565935693195    1.47856314587    0.495835207455    5.75417129979    0.9936    0.440468282359    6.08231702207    8.58097639264e-23    0.0    14.4827041971    15.2664059962    21.0430956112  
23209417.9448    -9.73851601304    -1.54246437453    0.0702753556021    0.0485475946602    5.55762703458    5.82983422431    -0.339004210776    0.127278751577    0.821534014053    3.89552576457    0.9728    0.3007598676    0.14553424551    5.9940362521e-22    0.0    29.4089856649    24.5535858568    38.3114475878  
55219536.8005    -9.0191941832    0.528705163408    0.122192909187    0.00587721679336    0.94696696963    2.87915376088    0.340100421875    5.30382373355    0.496703376025    5.11254590271    0.9744    0.699856706516    3.44582569633    1.10622741434e-22    0.0    14.3802569897    15.0871897793    20.8426266705  
37821916.3388    -9.36622688836    1.43911417754    0.195159753684    0.00220414618307    2.0193888047    4.70825431374    -0.637924870497    4.12575119504    0.581927087936    0.245229279229    0.984    -0.24583904388    3.76722535358    1.82985723539e-22    0.0    28.9221865552    32.3461869024    43.3908824784  
41558915.0896    -8.9933699735    1.7675312001    0.134222031032    0.00168503282859    1.86782196918    3.47442073228    0.5819187095    0.594260440703    0.3311256998    5.48464014586    0.9962    0.35746482371    2.85221975968    1.0756992482e-22    0.0    13.223946036    16.2495683404    20.9504467736  
34547932.614    -9.07689122184    0.771034962389    0.0894403987029    0.00473551217549    0.571474660913    4.05396535022    -0.478682736047    4.01000260723    -0.73536401077    3.83699439218    0.998    -0.0159660831273    4.63198620754    1.18201248826e-22    0.0    15.0673007181    16.7569840453    22.5348633283  
21272737.3644    -9.08720237809    0.747368812594    0.0814178331242    0.00487796191045    4.42986600073    4.69157166029    -0.689505369409    3.55739629672    -0.230901066387    4.56739241709    0.9956    -0.715332052027    5.47660959239    1.19679696847e-22    0.0    20.3783125159    20.7336676977    29.071645932  
41039435.7274    -8.87882568559    0.390230606257    0.138996002611    0.00665127718066    1.82585419976    4.22586159867    -0.173108884226    1.94823945127    0.83853909661    2.31901086904    0.9898    0.192129935507    1.61107580416    9.60581379327e-23    0.0    14.8915978268    15.2847831033    21.339734777  
61095251.7816    -9.29096008657    1.828453586    0.0519322840445    0.00168875329063    2.75034736948    0.107938908632    0.260167283434    2.92535363911    0.63784455105    5.99221623601    0.9803    -0.773271293894    5.10730862234    1.5993511791e-22    0.0    30.9690043157    29.4151020436    42.7121464755  
49175412.3068    -8.82698097518    1.58853243447    0.0304997635313    0.00217523713879    3.95854257577    2.53900925421    0.796367249339    5.26339856557    -0.410318850085    5.89182263107    0.9758    -0.036868085213    3.90431005188    9.17373829175e-23    0.0    17.5557928476    17.5112284772    24.7961485979  
17240204.1041    -8.99579142636    1.06995930766    0.143697749906    0.00335617089213    0.69491243649    5.93363876104    -0.0339313167061    5.74118415089    -0.793356880778    5.81604914032    0.9881    0.338701442586    1.72260819689    1.07845126227e-22    0.0    14.8805334606    15.6726633813    21.6116323663  
26135224.4248    -9.46202648102    0.277217686818    0.0639242409219    0.00790308306989    0.501846853687    4.60102828954    0.572040373661    3.8628198958    0.461066172436    3.85212001985    0.9724    0.705861901976    5.65191902651    2.23994867346e-22    0.0    23.3199794307    27.8143711921    36.2968412601  
5176000.63085    -9.42307382845    1.92222344175    0.113355968176    0.0014695891635    5.35237645688    4.23967220745    -0.950044643116    2.39134157549    -0.43559904687    2.30957985753    0.9868    -0.107576817701    3.94867057599    2.05334112918e-22    0.0    20.6885250773    17.1755057331    26.888902303  
48172653.8723    -9.21026869206    2.39222733303    0.000523840760875    0.000989801725258    5.72574553867    4.32029818042    0.243122613685    4.2920528687    0.993198279583    5.63573394611    0.9823    -0.335555436835    4.1578365957    1.40981562877e-22    0.0    16.3366718419    17.8082832471    24.1665429691  
44041842.9212    -9.17513661331    0.192700579022    0.0912713100024    0.00843201015594    1.21586981087    2.9513096769    -0.483085757778    4.81531420654    0.675465889145    5.93279342951    0.998    0.919094070061    3.38839753017    1.34109746968e-22    0.0    15.3001778697    13.2719506788    20.2543851466  
46701435.4974    -9.00261085818    0.314339203599    0.184156755957    0.00686738783232    1.68307054098    2.54771616859    -0.162147932802    2.66989812424    0.827587576104    3.2467073799    0.9747    -0.398151097196    3.28447067606    1.0864187324e-22    0.0    16.6250664975    16.6053099773    23.4974286995  
20768075.3596    -9.14312938922    0.79897252531    0.145955444605    0.00439166615932    6.13866410139    2.67214399159    -0.401314144182    5.02204655761    0.436042451589    0.58717953858    0.9771    -0.883881912689    3.5982845448    1.28441576322e-22    0.0    13.7964795169    14.7343347199    20.1852289236  
57048196.13    -9.31385772807    0.514726741378    0.102489441746    0.00605742010069    5.62570990432    1.94792385966    -0.176204428668    1.70933034822    0.147753373625    5.92244619526    0.9739    0.299613025647    5.78441556594    1.6630626001e-22    0.0    25.8333766704    24.0060780057    35.2654949123  
43500911.6372    -9.21120490637    0.798593009893    0.0324744325368    0.00478704503438    3.04549651238    6.23916883398    0.121774555804    4.25264435134    0.556939494244    2.14524992311    0.9928    -0.0472993867873    2.44107097265    1.41181494856e-22    0.0    23.7880960342    24.8481490523    34.3991863895  
11105537.6608    -9.00073187228    1.41869593203    0.165988157813    0.00231834961438    3.13606827287    5.68384635151    -0.104682299018    1.24947623818    0.416958358252    3.65841875039    0.9769    0.669277409933    0.798543505341    1.08418731971e-22    0.0    17.2674529813    17.2444622562    24.403614711  
56424074.6968    -9.0449512785    0.0714436216781    0.192271991456    0.00868077426128    2.68637595052    4.47939740957    -0.580158971266    1.97029505674    0.989331802554    2.92324027014    0.982    -0.721427279831    2.05566578648    1.13871467182e-22    0.0    16.7898440945    15.5743306404    22.9010619757  
33604541.3666    -9.41524445577    1.93557901865    0.0420191902499    0.00152675628605    3.22022534239    3.50267023793    0.815508196069    0.387644199668    0.176565791795    0.857234221829    0.9694    0.277724143482    5.70313494867    2.01942912707e-22    0.0    35.940817296    34.1140407739    49.5531040988  
33107080.7001    -8.89749046739    1.37572318351    0.0517983957053    0.00265596394475    2.58468039264    1.30337541192    -0.136979738931    3.12090803645    -0.562828406251    5.19730715316    0.993    -0.490970881612    1.12686920281    9.77398696687e-23    0.0    16.622009321    15.2328037952    22.5461638717  
44737957.5148    -9.40609713316    0.810703182968    0.0248020234756    0.00475056139965    4.33434700926    1.63852517153    0.348579368479    0.760884489627    0.349555213497    5.42625517929    0.9745    0.979541209127    2.97594424095    1.98112560643e-22    0.0    30.0381181747    34.9958010712    46.119352078  
32175111.377    -9.06920564699    0.298401286842    0.090638418363    0.00758987981617    1.91336707278    5.49398004689    0.535422661658    3.91634692228    0.997695680526    0.248610797688    0.9947    -0.257792416274    1.27933695279    1.17121884345e-22    0.0    17.4076222735    17.9524686233    25.0063280569  
38576843.5888    -9.34447576038    -0.38626845609    0.0676369871658    0.0153051087685    6.15045040092    3.53190031897    0.483450066964    2.10050841092    -0.0670533243208    1.82156199516    0.9713    -0.768471640928    2.21748192462    1.75650257219e-22    0.0    17.299637906    17.1021460962    24.3261355906  
13162330.7181    -9.04349121108    1.14613860095    0.0412416932792    0.00336378398747    0.299663014871    1.56197459169    0.860950359678    5.89623009093    0.71407108673    0.12668001817    0.9824    -0.505380337437    1.52695525091    1.13683244908e-22    0.0    16.9940296261    16.1765728183    23.462279324  
46692429.5964    -9.32644619104    1.29814194506    0.02022607465    0.00292532094184    2.49644164711    6.26725547456    -0.671830862594    0.354588482537    0.569416876313    5.07374374359    0.9845    0.20414471605    4.99188626416    1.7000955571e-22    0.0    32.3181429785    28.7824488971    43.2769191382  
54003226.1151    -9.18671070588    0.699898907905    0.00582366741859    0.00536223151681    0.947236635624    5.17179276663    0.0785161375461    2.79301398801    0.967207686584    4.3106761733    0.9702    -0.388292441775    2.68033476961    1.36299049938e-22    0.0    27.0786607665    26.9074995419    38.1741719034  
23532541.7315    -9.50864605363    1.40261392655    0.178822870898    0.00232571371347    4.03616064771    0.334642553024    -0.220814682196    0.382064724439    0.993022509361    0.293456619573    0.9795    -0.917751892637    4.37725121197    2.5122682808e-22    0.0    24.7566139763    26.3961960622    36.1890743475  
41910130.2091    -9.36668750559    0.433575167209    0.106224390866    0.00654989276993    3.57896535365    0.259980991849    0.296132755631    0.0291228988076    -0.595271644984    4.09804007134    0.9771    0.933054240302    0.229588844206    1.83159478772e-22    0.0    22.8306858954    19.9470562912    30.3170789018  
42973044.7109    -9.24479202337    0.885891610278    0.0746024984221    0.00426793787881    1.92958228581    4.85057411432    -0.0908553027292    3.44052796745    0.421679112754    1.22511372381    0.9957    0.548198955781    3.56172766395    1.48489150824e-22    0.0    21.419884479    20.4579368818    29.6199026426  
34308572.2237    -9.27286531215    1.59832968741    0.0287375169365    0.00215624798604    5.16159704805    5.45662690041    -0.463885781218    3.9266116748    0.810670469511    4.77625183281    0.9829    0.849979791886    4.06767467882    1.55229953224e-22    0.0    21.2694912143    22.99504781    31.3235291801  
9585305.32059    -9.02978754593    1.79328342518    0.0755679499812    0.00172124749872    5.57454173886    0.0976883848205    -0.159849931714    1.47693671264    0.721035998779    0.776438794107    0.9743    -0.476008083492    4.12813741117    1.1193093921e-22    0.0    19.6456189081    19.0412604275    27.359092473  
26875450.6561    -9.24107728994    0.625499833539    0.127087502686    0.00531259218942    0.529592480166    3.60144611837    -0.387180304854    4.96224521666    -0.557692864228    2.18941815784    0.9917    0.598834256522    2.48811703203    1.4763812138e-22    0.0    21.7379669176    21.564460797    30.6196860725  
11658588.7798    -9.41621221729    -0.371427713502    0.133811605189    0.0143121442838    5.67020427972    2.3687999621    0.469699766626    5.55908399213    -0.502945823798    6.17420858535    0.9817    -0.558739043009    0.642736934522    2.02330869001e-22    0.0    14.3403343502    15.1072368495    20.8296374069  
59199982.9385    -9.38095606157    0.490686749114    0.0744171937536    0.00633739435296    3.39092524901    3.57635779585    0.0623449898163    5.6725074633    0.910873731763    2.03911982151    0.9943    0.341091240412    3.87055807941    1.88305706488e-22    0.0    20.5608054599    22.7401578455    30.6571606643  
48365936.368    -9.01838081132    1.30756203821    0.0385654126387    0.00286705266419    5.74138748703    6.01961009132    0.956502089659    2.82104171146    -0.1373679419    0.874735642415    0.9804    -0.190318231059    4.45092197682    1.10523570411e-22    0.0    17.0283435662    16.0462604176    23.3975844479  
53944670.7946    -9.15247568406    1.56766973339    0.155142874144    0.00201857430396    3.98449761457    0.536409039086    0.0274705824685    2.14138918452    0.229336857323    1.23204546705    0.9802    -0.00296679945244    0.844043141997    1.30043665012e-22    0.0    23.0478002892    25.590427721    34.4393828214  
30330315.308    -9.35284684999    1.92889907164    0.0387929447966    0.00154004057365    0.802693121263    1.71380674847    -0.376048134842    6.03365087133    0.850111149592    5.55981184174    0.9906    -0.78995648489    3.32754510605    1.78416906037e-22    0.0    27.1128440733    25.8341282463    37.4500800532  
52362571.858    -9.61906380657    0.514843446203    0.144836331186    0.00584081385803    0.714163566282    5.53236443295    0.382544271001    5.31838722183    -0.191316918179    3.26046649928    0.9711    0.872784528569    4.51282820029    3.50812612978e-22    0.0    52.2842776406    52.1308819368    73.8327470701  
55497839.592    -8.97214724895    0.98745431229    0.114060897958    0.00374031113038    5.64383614628    2.8972152854    0.614199061156    4.73339876642    0.625596834171    5.95666658985    0.9851    0.0507058410591    2.96620465519    1.05202379399e-22    0.0    14.466370687    13.8512974366    20.0283379623  
8667775.71413    -9.03812815335    0.777561839576    0.00202995262921    0.00497117561805    3.36781676967    4.51022799563    -0.256177583515    0.95749821847    0.58736270032    0.152965913363    0.9818    0.584546410181    2.64870726802    1.12986577795e-22    0.0    16.837832515    16.5272688348    23.5937114278  
16641430.2714    -9.29507961197    0.458670841956    0.133825673259    0.00624010736182    1.7280415137    3.65359249184    0.000207733020622    3.76783263007    -0.735092883021    4.74432648245    0.9785    0.174567460194    5.62319882339    1.61030382737e-22    0.0    13.9918881001    16.0516260837    21.2938402487  
41327816.5734    -8.96695947115    1.88005838493    0.184465103732    0.00143439460645    5.70341531784    3.11271019488    -0.88500647038    5.45915569996    0.45573371068    4.64567816573    0.9671    -0.720584409912    3.3099090791    1.04642332298e-22    0.0    14.3778196577    14.1771176567    20.1918885487  
13933214.7701    -9.26669729301    1.48591457425    0.170290705041    0.00215839821654    4.23040353117    2.0190972626    -0.0136611903852    6.07838973503    0.484854088536    2.37844984421    0.9705    0.929727991853    0.280505357651    1.5370680403e-22    0.0    24.739024796    22.0198672426    33.1193886  
35549015.491    -9.22645493492    1.00554244282    0.00679581190705    0.00394809516763    1.57982386881    0.552657869441    0.427007307908    5.37721109334    0.834539446724    0.562326992418    0.9781    0.35143449331    4.96636850414    1.44408920674e-22    0.0    23.1567588079    27.7829651655    36.168060936  
50195113.9651    -9.06839331662    1.43208548296    0.0695269099396    0.0024806440315    6.23328607392    3.34930460245    -0.299005620673    4.73808940397    0.346836691705    5.69651254017    0.9698    -0.935292546867    0.636936820314    1.17011281007e-22    0.0    20.3305621882    17.6837907675    26.9452818652  
38598608.6149    -9.88033904894    0.720532460694    0.0692077938682    0.00505457574268    2.20893252657    5.63526750664    0.320116251903    1.39798142084    0.707458948148    5.95848944457    0.9513    0.168528675352    3.05908716777    2.93827926802e-21    0.0    513.87517198    481.070924769    703.915426053  
61990366.3441    -9.5172452467    1.54138017942    0.0257975820413    0.00228648699599    1.19755326709    1.89737607138    -0.204454815787    0.342714322114    0.884814771804    2.55439129412    0.9894    -0.857793266999    5.57789578357    2.56982766415e-22    0.0    45.1046871451    45.8014663283    64.2822457626  
48780607.1411    -8.98307503985    0.562291463154    0.135661161075    0.00561669150505    4.10075190586    5.6091695982    -0.492416720567    4.08402912937    0.789992231497    0.152708991804    0.988    -0.711984424163    4.72742469386    1.06407992793e-22    0.0    15.2384475812    15.3656130191    21.6405255976  
28261443.5893    -8.89152844851    0.730974655113    0.0603798538365    0.00503239311046    6.20458161225    6.17594380874    -0.0378198338511    4.42277254851    -0.692034512844    1.6155778144    0.9795    0.254013707418    4.27231082839    9.71902189006e-23    0.0    14.3822257885    14.4501625665    20.3876339194  
37856765.8935    -9.07697742873    1.5485317414    0.135248723241    0.00209566422376    0.445522244234    2.19658014303    -0.0543664674848    4.85813185043    0.400989127181    5.76428961802    0.9823    -0.306733559342    2.44667901176    1.18217489475e-22    0.0    19.3474389942    17.7674105203    26.2679323936  
54506991.1727    -9.24601632592    0.667994050472    0.0954154752201    0.00522555739947    2.65392806271    4.70432197073    0.368935492333    5.21303756704    -0.237414782526    5.37157652343    0.9782    0.703494425839    0.903786444344    1.48778179169e-22    0.0    25.0553646386    24.7485753691    35.2173718493  
14594308.0411    -9.1962325159    1.57572106614    0.046568335879    0.00218181303016    0.588415331608    1.82307264664    -0.276933840135    2.9871778195    -0.52217875281    0.0619225248759    0.9761    -0.391470556471    0.0506358471234    1.38151416287e-22    0.0    23.4290596545    22.1144183992    32.2175160034  
16919239.3154    -9.25200636047    1.05712761788    0.0018427296301    0.00375912123279    4.04725280885    5.10187040291    -0.103060822445    0.641447454342    -0.68405229675    3.2572128256    0.9977    -0.149989098876    3.26914096745    1.50177568195e-22    0.0    22.256005747    24.3144918634    32.9624681477  
29097215.1871    -9.04319945324    1.60395401677    0.138506359515    0.0019768947361    2.75353055609    4.03212394648    -0.184113607196    0.253040072465    0.168390206447    4.04234547227    0.998    0.370975141791    1.12720834835    1.13639892545e-22    0.0    17.477234115    17.2843628839    24.5805393068  
46342372.9358    -8.98866296562    2.00963473107    0.0763830389331    0.00138557286454    5.19061147896    5.49924767414    -0.123397286368    0.362288681706    -0.994545608296    2.6545637915    0.9821    -0.259399947042    5.83909601322    1.07038583964e-22    0.0    18.6595189984    18.0947996889    25.9922954937  
63066125.7518    -9.51744611042    -0.212699749627    0.167682888446    0.0118292586222    2.97708170339    2.29713894802    0.421089229717    4.10183766242    0.324512534627    3.91625694802    0.9795    -0.601210392636    1.46501024218    2.57143783214e-22    0.0    14.5269700297    14.4469325125    20.487721134  
55930168.6402    -9.13533082683    0.388161117796    0.0308820964929    0.00722310227322    1.74766835614    2.28534888765    -0.106834321617    5.74808261867    -0.314380194208    4.6462224121    0.9759    -0.926482833701    4.4668568756    1.27143200984e-22    0.0    16.7585452594    17.5873807476    24.2933077363  
30855022.1019    -9.15830334223    1.23073033885    0.101427761647    0.00296276197078    5.14472912248    2.85369734736    -0.249467627816    1.04967991521    0.533553320213    0.109475856103    0.9853    -0.216013513756    3.05870746117    1.31072946325e-22    0.0    19.314151223    19.9475133582    27.7658013866  
37950404.3756    -9.22385545335    0.970379528861    0.055663446616    0.00397342309647    1.46864515942    5.57521657213    -0.55349823662    5.17919771487    -0.23002529348    1.3815229348    0.9783    -0.330860567083    0.124650688933    1.43846145986e-22    0.0    24.3256586198    23.0587730412    33.5178263235  
62469487.9201    -9.14455805965    0.0901897143147    0.0388073207559    0.00968433225176    3.87194858357    2.86583495308    0.261866612144    2.5341284431    0.788395459306    3.60885974866    0.9797    -0.0862067325883    5.00457249179    1.28681306839e-22    0.0    19.9549158262    20.3745393674    28.5187748696  
46082323.2982    -9.27901885406    -0.318278706165    0.049980826439    0.0144686086076    1.8508678754    3.85170841511    -0.491017538597    5.72851630172    0.666345110685    3.2205548574    0.9684    0.365597008614    1.9270702233    1.5679243128e-22    0.0    15.3823679958    16.8934636742    22.8474585035  
34443442.9944    -9.20202850417    0.877998257428    0.0520791286066    0.00436819877215    3.13839969255    4.26943830722    0.677601622874    5.50632661989    -0.657882509117    1.52887920907    0.998    -0.210000292757    2.13258922602    1.39302164433e-22    0.0    16.771895108    18.8035058944    25.1965930124  
40200005.0844    -8.97346784263    0.555089789199    0.013161126966    0.00617385353653    1.05953427619    2.1939597743    0.594162685745    3.11455925022    0.655312552379    4.15892550561    0.9771    -0.343609614537    0.873277962613    1.0534851016e-22    0.0    14.6500229898    15.4086328872    21.2614472945  
51551685.8931    -9.37629350504    0.0387466817028    0.114694378334    0.00965379470236    5.00928344261    0.16270273474    0.798475498563    3.80511874744    -0.0415916725158    5.93312566335    0.9914    -0.705158229225    2.52038541115    1.86582288658e-22    0.0    18.3189477566    18.3975675513    25.9625564749  
25969368.7619    -9.0125439823    0.654399013616    0.094479617838    0.00530091304823    4.75194724872    0.261769137439    0.0217946711835    3.72949040869    0.376204400229    1.797693437    0.9916    -0.908604377827    1.6724578034    1.09818811393e-22    0.0    15.123076573    15.7004458673    21.7993450696  
34610400.2013    -8.86012111226    0.851261775957    0.0502233182892    0.00449194190053    3.1102597879    5.89845575131    0.236307436705    0.428156652317    -0.324708652762    4.97017467329    0.9719    -0.75179933128    1.54815597464    9.44458488802e-23    0.0    14.1682739367    14.2287701928    20.0797880353  
40483623.3376    -9.11739718797    1.95389245616    0.0263992211874    0.00151309759544    5.60891198069    5.82604381841    -0.310335303991    0.860709857214    0.794325412902    3.96001331795    0.9804    -0.0482776712039    5.71528889277    1.24244371582e-22    0.0    20.1614214834    19.6794237435    28.17379341  
57564378.839    -9.20251709557    0.318211746939    0.0108177897376    0.00783383794138    4.30474136582    3.93915872214    -0.241835141051    0.213182598944    -0.340081604775    4.86192778871    0.983    -0.416051496479    0.903822322494    1.39404591368e-22    0.0    15.7921490385    14.5648002117    21.4831416804  
59096886.0047    -8.91324797311    0.793529744913    0.140390885506    0.00443819224572    2.84026210858    3.98265866973    -0.865235422068    3.64777887524    0.285852879354    1.35963307307    0.9682    0.567005532628    3.94851242172    9.9209663589e-23    0.0    15.4334186818    16.0026672353    22.232313664  
36639157.7453    -9.39732959422    1.143674703    0.0699616747706    0.00330893088346    3.35491844276    3.78920677127    0.283618758897    4.76928311519    -0.767353523995    3.8269962401    0.9688    0.212120664137    2.08777717478    1.94568551914e-22    0.0    37.1998622984    34.6098809839    50.8101723746  
16948821.0946    -9.06634404809    1.49952816813    0.184631135901    0.00209824174739    2.38134620471    0.252693924772    -0.604983850749    0.0344963825388    0.648107190129    4.36962516728    0.9744    0.067800571831    3.51948650571    1.16728023512e-22    0.0    16.4967722363    14.0390523084    21.6619132104  
57739811.8691    -9.40633678327    -0.0578413057122    0.0144411545607    0.0113880459854    3.945328189    3.20374723125    -0.771271968938    2.26990601916    -0.657279802197    1.5759597461    0.9786    -0.752550961953    2.31375144427    1.98202722586e-22    0.0    24.9535171718    24.8223726473    35.1969913925  
60126383.977    -8.92291912169    0.916257239186    0.0830796840794    0.00411491206087    3.77331114303    0.791565204622    0.18701858871    5.72356516844    0.873475791404    4.6198750181    0.9802    -0.363774191079    2.92162457968    1.00135858887e-22    0.0    18.9601240938    20.1031093099    27.6336988038  
47367364.3651    -8.95861503404    1.78409571732    0.0525155683273    0.00176468135965    3.95278185634    0.141649840715    0.00887615638358    5.04353914116    -0.58582987958    3.42528443149    0.983    0.678430801261    4.42492176594    1.03752147732e-22    0.0    18.5477947546    17.6994187828    25.6376698533  
29381561.2341    -9.43626056313    1.64170657778    0.198642045762    0.00179315015334    1.78387886061    1.01075868521    0.301942340735    0.0752260890298    -0.519874194897    0.816171984189    0.9742    0.147256963325    6.04327297785    2.11289337158e-22    0.0    36.3926376697    32.9787500209    49.1123409084  
46813687.2723    -9.13327664127    0.530672994022    0.123963486628    0.00585678764602    5.43751272223    1.88447119512    -0.967208980475    3.19144759844    0.672362897465    0.912082881787    0.9714    -0.1293909247    1.39474182022    1.26804238998e-22    0.0    14.5631875058    15.7327410594    21.4384134574  
62678535.2662    -9.38640375099    0.509876720185    0.00408820390567    0.00649020753451    3.54511100019    1.51268850115    0.944803567172    0.177215426098    0.354141885978    3.87141588562    0.9907    0.522537728858    0.295695961643    1.90332215309e-22    0.0    24.290870074    23.8751865734    34.0598136059  
32200026.7197    -8.96337475438    1.63127977551    0.0534058426434    0.00205485815524    6.12562544296    0.631946360582    0.921595848721    2.63706669558    -0.229830651951    6.22985772666    0.9746    0.359889924284    5.75588205963    1.04258387176e-22    0.0    20.4432830516    20.8287635334    29.1850169138  
28745234.4718    -9.19162946007    1.38851878372    0.0475457852575    0.00262935615369    2.96421325225    5.93742319746    -0.132899710419    1.14737680939    0.128143011577    5.01331205738    0.9679    -0.380156265779    1.82622094352    1.37255084679e-22    0.0    19.6336085904    20.5687264881    28.4350328929  
48089798.4759    -9.56707029042    0.0628010855001    0.0828594149253    0.00966234135118    0.804779498658    5.74702692641    0.542530871074    3.12175155096    0.817465208885    4.90227360886    0.9834    0.763351614857    0.0757191204103    2.95972253013e-22    0.0    31.5131760493    29.6509153058    43.26958566  
20139816.8535    -9.40873644847    1.2671993352    0.181920727263    0.0026544774066    4.76952369593    1.88145915854    -0.5279054583    2.55354843059    0.355357335602    0.611462443617    0.9945    0.0956558648609    2.21090312351    1.99210852641e-22    0.0    35.4629694159    34.3263397089    49.355038219  
30051738.9476    -8.77577664675    0.724689446945    0.0426685759022    0.00512244655496    3.51638743285    1.97159420621    0.249158400066    1.4531547301    0.778954180563    4.99123481635    0.9724    -0.100258603893    1.64425496177    8.78983110078e-23    0.0    14.391061268    14.4337208039    20.3822211906  
49793319.4181    -9.16468264994    0.644329846212    0.0574556055017    0.00549859761975    5.36113527036    1.36019345871    -0.145539234668    5.34220640921    -0.386472346141    5.44539559878    0.9811    0.692672701716    4.19655174772    1.32200028761e-22    0.0    18.9009247921    20.8012014255    28.1057812334  
30992515.9182    -9.41705977758    0.454122516086    0.00349559447804    0.0068644188665    1.77304043348    4.49378732597    0.342306101071    3.20416455379    0.99433423325    1.11547675002    0.9914    -0.668218792143    2.0554331671    2.02719624945e-22    0.0    16.1242341307    19.5812129609    25.3656229437  
51619909.562    -8.77970743173    1.33485810626    0.174670425185    0.00249931400583    4.27228762249    1.6232693386    -0.447869960797    2.38218454166    0.214613729363    3.87440580415    0.9675    0.227240006666    1.02549351962    8.81816736347e-23    0.0    16.7601922289    16.4499032519    23.4841086811  
14404002.2294    -8.98562901857    1.93230845837    0.104463434821    0.00146540075826    1.25970270188    2.82294388183    -0.514410945816    3.24382457891    0.0634536681547    2.69535643236    0.9915    -0.322422922284    1.32053344564    1.06695174645e-22    0.0    16.7139047972    17.9557014984    24.5308342677  
58194643.1204    -9.69312046378    0.0286240573493    0.136670793714    0.00956879299379    1.06986283379    4.62039183209    -0.305008617325    0.218575698387    0.467354795246    3.50019826101    0.9931    -0.671653778727    5.80771418134    4.73439861861e-22    0.0    54.3996592452    51.6063334173    74.9835753667  
39095386.5973    -8.84216891406    1.63735636118    0.131627787708    0.00192370901384    0.626449172542    3.96958134739    -0.193570480235    4.91830896643    0.0392862140026    3.62632156256    0.9719    0.507813693118    2.7989365397    9.29501320637e-23    0.0    14.6436429555    13.732989418    20.0756389029  
41788376.1393    -9.19521317256    1.40796092216    0.104425593836    0.0024756588632    1.34475512945    0.695278355889    -0.0761178789376    1.19003273971    0.321578747715    5.4493499702    0.9953    0.592703756587    1.32917048382    1.37949975384e-22    0.0    25.2795605011    25.1286225813    35.6441278749  
42787275.0175    -9.20212620336    1.22236728816    0.0148659820937    0.0031649129542    0.563438753914    0.524260050257    -0.915546922414    2.48151411206    -0.700646852036    1.93652760917    0.9816    0.998634039488    0.291994727121    1.39320251951e-22    0.0    25.2898566164    25.1351093299    35.6560032632  
12304434.9215    -9.34363123707    0.453177558095    0.0563708507313    0.00666162508606    2.46057695756    4.31677195655    0.141349191658    0.779220413513    -0.443951398347    1.03966025546    0.9871    0.834949883682    0.249651261586    1.75396151303e-22    0.0    15.8718939201    18.9263857386    24.7007103893  
10477032.2621    -8.91816379064    0.880026555582    0.169393508955    0.00395962642826    0.000554261665209    4.5673114206    -0.709327075806    1.68069667191    0.624660208136    1.60432156165    0.9729    0.543755852594    4.8541308285    9.96775294993e-23    0.0    15.3727983612    15.494668394    21.8267651771  
25873753.7014    -9.03485794449    1.26161181585    0.0520439191405    0.00297653539191    0.084471433064    2.16797449807    0.371807752642    4.27160513081    0.784690277834    3.46534297231    0.9833    0.0362645094235    3.73570832335    1.12569832888e-22    0.0    18.4915635424    19.7296022184    27.0406199252  
32338996.271    -9.39946964972    -0.0155143617342    0.165002893819    0.00973799919779    5.15660653718    4.55507729301    0.614215735258    3.18186202294    0.796325809418    2.99098440803    0.9915    -0.0800423979149    3.83164361744    1.95407581311e-22    0.0    23.4608599478    22.6708707951    32.624842254  
35493595.2345    -9.31834719632    0.522671232623    0.1900334941    0.00554151367292    0.509363003337    1.25684514582    -0.323280042843    3.37706191583    -0.391171034764    0.40113176199    0.9728    0.956851971535    1.56440323799    1.67600834764e-22    0.0    20.8237629141    19.1260341767    28.2742689602  
4099098.16389    -9.04867365257    0.49830466    0.0686406960606    0.00631493032333    5.71464055308    0.392047201262    0.123707013358    3.20196418972    0.844481500369    1.04208933771    0.9865    0.532705049971    2.93746590237    1.14360623197e-22    0.0    14.2262914679    14.2075290623    20.1057516891  
19579859.9367    -9.1044650122    0.756355648547    0.113627311943    0.00471442216767    4.76604117496    0.89801044801    -0.341653172905    1.69063623138    -0.263070734122    1.81464556251    0.998    0.142851729525    5.84569894602    1.22237755069e-22    0.0    16.0717583053    14.6931315974    21.7758933494  
44406122.5858    -8.94628423387    0.75197391931    0.163821392164    0.0045254019506    1.20132606986    4.08875840201    0.630975467389    3.71271883037    0.73603634222    1.43638928497    0.9681    -0.162682788418    0.933108806303    1.0247015325e-22    0.0    16.5290414021    15.7171307498    22.8087134376  
11968217.9958    -9.8364607997    -1.99569804104    0.121338286101    0.0734212977452    4.17318881326    1.2812348927    -0.208828108784    4.33376349628    0.679951380775    4.15678796407    0.9685    -0.634109602013    0.716104192155    1.34818813908e-21    0.0    17.8878105095    18.5081202825    25.7395470282  
29578464.3383    -9.13587932305    0.48800533163    0.0307241021454    0.00653735816026    3.00511910566    0.445459170284    -0.0519068590107    3.36778304216    -0.0985434825644    0.280469739468    0.9877    -0.693904846434    2.68776709037    1.27226400744e-22    0.0    15.9405148527    14.9979210963    21.8869287699  
20219344.5718    -9.10260586422    1.21412664494    0.126536819619    0.00295036878595    5.53145153125    4.31649160358    0.964655575227    0.153224437799    0.91300736996    3.48620293036    0.9709    -0.799614317976    6.11802249575    1.21960036844e-22    0.0    19.4849313276    19.2404779804    27.3835450911  
54371391.6316    -9.36519127466    0.681908520107    0.0423732317959    0.00534732505373    5.67717028359    0.680237819114    -0.322903537738    3.06408809207    -0.95700755673    6.21416966962    0.9819    0.255687122472    2.50863606907    1.82608578834e-22    0.0    34.9607777953    34.7228026333    49.2740195921  
