tPlunge     logmu     logM     ePlunge     nuPlunge     gamPlunge     phiPlunge     costhetaSky     phiSky     cosLambda     alpPlunge     SMBHspin     costhetaSpin     phiSpin     Zeta     SMBHQuad      SNRI     SNRII     SNR_tot   
43704244.1487    -9.18767326251    0.392001758385    0.00675094208464    0.0072921411041    6.01203045247    2.11317336358    -0.603548200534    2.55222791865    0.834979938179    3.22538876977    0.9764    -0.679960686201    2.86180199274    1.36482073486e-22    0.0    25.4879081358    25.4358348092    36.0085427861  
48625532.2189    -8.91768582309    1.82456441125    0.108560057786    0.00162672807778    5.01464431773    2.7138646927    0.06555312096    5.40440542412    0.552779784475    2.35008676424    0.9795    0.232221056356    2.19059721969    9.96320737029e-23    0.0    15.9864236047    16.5148154654    22.9848835004  
32494050.1844    -9.32423587904    -0.196558311898    0.0480552658841    0.012826227919    1.00451724291    0.121914707593    -0.0930565162022    5.52532473288    -0.25215219556    4.97647906149    0.9739    0.935628874262    0.966546216934    1.69353971961e-22    0.0    20.5478886606    21.5258039213    29.7586283768  
21045539.1442    -9.17494642693    1.18185106285    0.190691505413    0.0028644849852    3.22937970864    5.75002438744    0.42780678222    4.76282697873    0.109675253633    0.74907600898    0.9777    -0.373253779186    3.43694970004    1.3407807985e-22    0.0    23.4344958601    22.1181816076    32.2240524119  
37130168.1385    -9.42875652988    0.532456840921    0.0407560385679    0.00621550934083    2.77018140111    3.33672043476    -0.221096269557    6.14207753942    -0.0422910565531    2.82374365382    0.9785    0.775949507012    1.22122006453    2.07860530147e-22    0.0    40.0720196545    39.9484981036    56.5831181531  
58840166.9844    -9.22630478101    0.0660076202755    0.0313831825162    0.00996564043837    2.5759086059    4.29702150946    -0.24081095658    0.303935023716    0.276256011382    3.22240581368    0.9931    -0.878371918992    0.614128274681    1.44363006917e-22    0.0    15.7484623297    15.5756541313    22.1498322198  
46424867.6352    -8.9472681507    1.62113690913    0.00351534151243    0.00213683747655    0.759329472909    6.19338012892    -0.815188654478    2.29257751478    -0.316942147504    1.69767986635    0.977    0.886763906285    4.64206046994    1.02569590266e-22    0.0    15.5257677192    15.5366117745    21.9644205182  
46670143.8461    -9.20908735701    0.079080391108    0.0205039827762    0.00989778257071    0.929949735596    5.06079611952    -0.919025005407    5.42248907783    0.266438752998    5.44806974816    0.9836    0.127925180413    1.65183653354    1.4074589574e-22    0.0    14.0543329151    14.9028540756    20.4846121098  
12104391.75    -8.94992197945    1.19780078388    0.0541833556159    0.00316824581007    3.95315316077    5.74759266419    -0.231380397365    1.48230917933    0.781019302189    4.48059950575    0.9807    -0.071148957687    0.323767323444    1.02846929208e-22    0.0    15.6474267717    16.2157454573    22.5342487186  
54325583.1099    -9.20682702486    0.45205692323    0.0463856907737    0.00671226057148    3.24304758498    1.58239023028    0.464503519777    6.00598641573    0.674359042809    5.00292704598    0.9772    0.690525225636    6.24079563313    1.4027690842e-22    0.0    23.1599777872    23.6384791019    33.0932359457  
50702583.8037    -8.99885641035    1.73418348362    0.141536628714    0.00173074489898    3.28124389919    4.61838979004    -0.960221746485    3.02553756554    0.671844577603    2.1445225549    0.9846    0.74162050925    4.7333145133    1.08202213001e-22    0.0    18.2898391033    18.5840665339    26.0746187577  
17296722.1494    -8.98448874517    1.43010363044    0.118167109232    0.00239430489485    4.56013033154    2.63823602032    -0.923771031914    1.37051589612    0.785185937103    2.66644884155    0.9717    -0.915525916475    3.65069611343    1.06564522687e-22    0.0    17.3829341108    17.1556496285    24.4229955672  
50603999.9968    -8.79900874379    1.39177236079    0.14645223774    0.00242649867182    1.54642445071    1.50744246936    0.336502868013    3.37914459135    0.463371762399    1.96675976958    0.9745    0.988108199018    0.00586137590809    8.95889086661e-23    0.0    14.7659993883    13.6486162989    20.107696656  
56488247.6284    -9.18014198665    1.53079309043    0.185200261354    0.00203244574609    1.98796277573    2.58040391991    0.236615595797    1.26032051547    0.332352082302    4.27491293027    0.981    0.121664306933    5.26998421163    1.35045417415e-22    0.0    28.4543471743    27.5697860071    39.619981999  
52841471.095    -9.24882768566    1.0976081712    0.199917334887    0.00308539740626    0.0725239880463    5.67310376367    0.902744300765    0.17227764312    0.105101859017    3.66238852199    0.998    -0.0114571799285    2.4480429864    1.49434765988e-22    0.0    29.0706899928    30.7149630649    42.2908261061  
54563367.1965    -9.31232934349    0.433592321117    0.0186892528464    0.00695045430059    4.66238348863    3.78301127606    0.305187675528    1.11545305873    -0.468598524534    0.47448475725    0.9916    0.879857004557    1.84821552548    1.65849065432e-22    0.0    26.9556981784    26.4703584797    37.7794857341  
28878196.8764    -8.90417703789    1.39252298096    0.0118499261985    0.0026740444184    6.26998063916    2.90264190633    -0.991936543837    5.05742947579    0.809967282779    5.61012198727    0.9944    0.99633140065    6.16749447254    9.83541597192e-23    0.0    18.0692637341    18.4691897556    25.8381358097  
57517516.5725    -9.39034690415    -0.694404041946    0.0419792440126    0.0211820306281    0.758951824853    2.90245113985    0.440916326995    1.05871956688    0.220079850071    2.00573675403    0.9959    -0.226616299496    2.42339352712    1.91860136419e-22    0.0    22.2953909732    22.6171085194    31.758747715  
45662068.696    -9.38940384148    0.227803316426    0.0445477310534    0.0084093642331    4.04389774299    3.84932915716    -0.470318685854    0.264883583864    0.834539446724    2.56139751003    0.9897    -0.519928020261    2.12831835227    1.91479806122e-22    0.0    20.9653528105    19.1661970151    28.4057938894  
58179090.787    -9.05502101199    0.995532660416    0.104911548806    0.00373798150387    4.55157279177    2.11723471542    0.445411288036    4.55840614946    -0.811844142154    1.57247388454    0.9796    -0.432638789465    2.20670195173    1.15195459793e-22    0.0    19.1503833759    17.6244442068    26.0261064518  
28975847.2007    -9.62106714614    -0.499836817263    0.0753068627844    0.0170535147678    0.0512704748262    1.74719805527    -0.803252234934    4.49495290024    -0.329433644653    3.77782823252    0.9877    -0.734175469559    5.69035656049    3.53336106052e-22    0.0    29.7071908217    29.1245998301    41.6023977889  
59069021.5479    -9.38458455505    1.34246861769    0.181510412081    0.00246305704587    5.10836289776    3.8613829288    -0.535616012684    6.15594003712    0.69007764199    4.31033461004    0.9952    0.131805844238    1.16082680933    1.89646481375e-22    0.0    32.6837337375    29.5756450208    44.0788524059  
53530466.4077    -9.66992415746    0.873152466337    0.0187590515806    0.00447814220561    2.76768909613    0.339338729195    -0.238573457995    0.29939392818    0.79674902183    4.34849467443    0.9692    -0.956629731368    6.16175562887    4.27169325856e-22    0.0    83.8570539516    79.0650192142    115.253124733  
23661718.596    -9.25087728671    0.365408837165    0.138009671237    0.00682450567212    5.53765312223    1.6160350534    -0.49075299445    4.92745535615    -0.483898169867    4.88837956088    0.9833    0.917560657881    3.33761345235    1.4990033149e-22    0.0    17.0077408392    16.6846242517    23.8251953796  
52475354.5116    -9.03221648025    1.4302696653    0.0453801936551    0.00252529255858    2.35850461832    2.95487266181    0.326608475834    4.54803292928    0.36822237091    2.82385106168    0.9959    -0.758321766867    5.23409612898    1.12239072128e-22    0.0    20.271283784    19.1149348551    27.8622626641  
61474769.7441    -9.16949397998    1.27595303588    0.178286999826    0.00264121025148    1.21924301407    4.31688407109    0.173522979189    3.79882007737    -0.266253058535    3.87507000111    0.9927    -0.243367545526    2.75449796262    1.33082736835e-22    0.0    20.8093210881    23.9584671803    31.7338304303  
50795324.5264    -9.31178405747    -0.0496355209051    0.0662134562473    0.0109412174375    0.76883135622    5.7772125038    -0.564368132662    4.81011921621    0.317124862931    4.76787336515    0.9856    -0.773843686935    2.51763362937    1.65704598804e-22    0.0    18.6888236387    18.0760061151    26.0002716538  
36061437.3183    -9.24749769416    2.09342466436    0.100855941285    0.0012509202614    5.26906049479    0.624900104564    0.647366042043    5.5361025696    0.098337143245    0.321017430047    0.9819    0.346514843228    1.15119775585    1.49125919588e-22    0.0    20.6832830254    22.5117187151    30.5708304797  
6448648.32811    -9.0566247262    0.844491173674    0.149401121777    0.0041828274368    3.82175373061    2.63127109129    -0.707281341733    0.380982331584    -0.0810147884081    0.375155165688    0.997    0.440671710262    1.78905976186    1.15405658822e-22    0.0    18.1483334125    17.0509243063    24.9017273568  
8457053.1922    -9.30548037395    0.468763087296    0.12706884157    0.00621417402608    5.97550247888    5.68910897899    0.390395288428    1.39323896593    0.718536900487    5.62732549223    0.998    0.193457430441    4.0263412031    1.63905997663e-22    0.0    15.9329334984    13.7437765814    21.0416198185  
17597775.4171    -9.02511099805    0.937944440829    0.101650144815    0.00396986397465    1.00106701394    0.984805833574    -0.227444011777    2.06849614377    0.559345752838    3.94573843155    0.9901    0.654789632248    6.13951881431    1.11354663403e-22    0.0    16.6652870158    16.420910666    23.3961128912  
9758350.69151    -9.16454149008    0.475231001741    0.157024561906    0.00600764475657    2.59624807452    4.07718158147    -0.653778066275    1.76909211185    -0.0549759426775    3.32524956716    0.998    0.490654370496    5.97864584487    1.32184324351e-22    0.0    15.5666983854    15.3627566101    21.8709027999  
6316666.37316    -8.99432197674    1.17527534498    0.0876602931432    0.00316511903693    0.958808439172    1.8729959058    -0.120922398205    4.00750601591    0.842924755807    0.11448551995    0.9772    -0.172697055117    4.26992066393    1.07680616943e-22    0.0    17.9961811915    18.5245343039    25.8267479303  
5892151.94688    -9.47953715339    0.753611516897    0.0979726853271    0.00478725185207    1.01055672948    2.35882777758    -0.751330841613    0.393024299965    0.841685054996    5.7321229002    0.9918    0.923867427806    5.94059759701    2.33556480833e-22    0.0    31.5794406092    31.8711951843    44.866849139  
14924936.0865    -8.84691789376    1.94921283177    0.0415863102147    0.00150648548492    0.574481262155    5.43888182214    -0.739195115191    0.425920605287    -0.992384467987    5.4896307017    0.99    0.267391548872    3.36019129287    9.33415336316e-23    0.0    17.2030338113    14.9110210279    22.7658279096  
24120960.6666    -9.00517516763    0.73153615661    0.112057188024    0.00483915847288    5.81517564014    3.66499080172    0.177745818624    1.32700768739    -0.230998362956    5.64740352684    0.9848    0.939497973864    6.12576686984    1.08938640798e-22    0.0    18.4275108813    17.2612714817    25.2492504927  
40362132.4561    -8.92229115499    1.21967514562    0.094546241938    0.00301184121643    0.98200949055    3.30574934928    0.173066353243    5.06334789484    -0.021102106767    0.209207554923    0.9871    0.525877414914    0.199466880102    1.00074955276e-22    0.0    18.0137740109    18.8762161356    26.0922898519  
16551255.242    -9.27260318208    1.0570238036    0.0587866060459    0.00363610628644    0.250389026821    5.45686235801    -0.169136979033    5.28288264212    0.0733304466193    5.30874710919    0.9947    -0.0559185622195    0.660141533434    1.55172997819e-22    0.0    24.4201487477    26.0337539999    35.694537568  
22113102.4532    -9.07719297849    1.05395117217    0.106555136293    0.00352121532328    2.67940678103    1.576183042    0.0818059187823    4.84666571712    0.74969185255    2.8398464384    0.9947    -0.327559978392    0.576910174559    1.18244894491e-22    0.0    16.4368205258    15.4769006776    22.5766145289  
26197658.874    -9.43096498425    -0.160527141344    0.00328392652356    0.0126937393645    5.89382212957    5.41581007537    -0.0811497227361    5.53276210663    -0.642459662656    4.34462695543    0.989    0.743086691471    2.27741351673    2.08864090401e-22    0.0    20.6468488082    22.8258608193    30.7784386844  
39266232.4204    -9.48341287686    0.293363427992    0.0973773084335    0.0075887664277    3.47968059364    5.31627437459    0.651307562291    1.70046071753    -0.544676791451    1.80274436624    0.9773    0.546137958296    4.84228532264    2.35753787019e-22    0.0    28.6964542187    26.4929451004    39.0558910386  
36921111.5671    -9.36060147888    0.220455093065    0.0555436858119    0.008411764233    2.98712114437    1.70989983858    -0.306200851455    2.06614570821    -0.706403220876    4.37545685672    0.9973    -0.73974647854    1.9158986901    1.81025539851e-22    0.0    20.7694625848    23.1666951482    31.1137644806  
16179594.972    -9.46057046202    2.18083925114    0.197407887378    0.00104726629257    3.76148667066    5.62261321627    0.422737301052    4.55310752004    0.327159726987    4.47383467466    0.9873    0.888698341932    2.52219418483    2.23242205275e-22    0.0    33.9737532965    35.6797816564    49.2672582158  
41520165.9275    -9.4893849816    0.308344847603    0.181117091999    0.00693051217381    2.34902054659    0.390747674482    -0.887134367568    1.86481597195    0.927510321733    5.75964340675    0.991    0.536739646259    1.57143125158    2.39278581779e-22    0.0    25.1766732637    20.2788047982    32.3279260187  
36864682.9629    -9.39152698453    0.22199603723    0.174252825632    0.00760876686041    2.89058404731    3.99826746347    -0.426138510713    2.29402530951    0.826125305285    0.583757171693    0.9817    0.525835884371    0.734201650807    1.92311316277e-22    0.0    15.5836409214    17.8390954376    23.6871946502  
24472303.2746    -9.10686043543    1.12421590827    0.178567171425    0.00307310129156    5.92816029423    0.316320405463    0.884530495011    0.154082067486    -0.229344007924    4.67175636604    0.9925    0.514792791073    3.57845285882    1.22612769176e-22    0.0    21.1490213696    21.5864674936    30.220137057  
46129994.2657    -9.42009265628    -0.00321040146659    0.123288097266    0.00999478412447    5.10275878852    2.18451819211    -0.136893826001    3.15145046139    0.237019063128    1.96512500251    0.9891    -0.521200071776    3.12925691067    2.04026859609e-22    0.0    17.6015369484    16.2808092957    23.9766314204  
23782476.2716    -9.72647717778    -0.721987913117    0.0224044088341    0.0220279745222    1.86069964246    6.0049945    -0.662639411947    2.75821988557    0.092065768333    3.1994582324    0.9947    0.770863034404    1.67526822725    5.60078081669e-22    0.0    55.4414039627    56.8324771741    79.3957161004  
52924089.498    -9.10172176903    1.07017813778    0.1355171364    0.00338036839413    3.32902217608    5.35098417854    -0.420869518321    2.40711376706    0.515161723371    0.777555584665    0.9682    -0.479560098682    1.98104131753    1.21828985361e-22    0.0    19.4644826394    19.845968017    27.7979950888  
36973086.0629    -9.4317636818    0.31692108492    0.0635999669269    0.00759713036392    5.86343346789    3.97443891002    0.739477436412    0.997858287725    0.5161042138    3.31286352123    0.9958    0.0417900037301    4.96604019381    2.09241375436e-22    0.0    24.6014584227    27.2166763238    36.6875895452  
61146938.3756    -8.92443525399    1.1850645968    0.183178735978    0.00287794620681    3.09601842385    3.72377654626    0.428943130028    5.95094149828    0.644214877811    3.53397394002    0.9785    -0.055328656001    2.50534460022    1.00288901703e-22    0.0    16.0879451997    16.3246567482    22.9197818204  
57362757.7682    -9.31047658289    0.553797955494    0.148976007592    0.00559614373375    5.61090698373    4.93264641785    -0.0594250208023    4.40300428691    -0.380191812501    1.46869546176    0.998    0.140537623964    0.741349175188    1.65337769206e-22    0.0    21.4088723021    20.9828326441    29.976975815  
40404130.5775    -9.24128048003    2.00155175354    0.0616446868561    0.00141123661616    2.80677455945    0.424861579626    0.0415864125322    3.91080326354    -0.513710224544    1.62636875234    0.9754    -0.769434631327    4.49840418374    1.47698390453e-22    0.0    28.7853255006    30.4132535114    41.8755412302  
37360955.9158    -9.00654013632    0.649810968167    0.171968871028    0.00497183326836    2.73885781277    5.054339123    -0.423658468179    4.28462470678    0.145577164496    3.8052741903    0.9861    0.889980531556    3.78302498158    1.09099925095e-22    0.0    14.4816407705    15.4067645863    21.1444156794  
36162646.9472    -9.23313451679    0.528674984954    0.0329901967458    0.00626842761051    2.90855706168    5.8746771945    0.676849090872    1.95027680193    -0.429377755199    2.79003650109    0.9876    -0.207333369602    0.260868588613    1.45875758354e-22    0.0    21.8258861097    20.7359156822    30.105605851  
36702822.1414    -8.97896311144    1.1936275709    0.0886172761881    0.00310532562588    0.728740303439    0.108766518973    -0.458775092991    6.16799382054    -0.815216938383    3.01693811338    0.9976    0.787076361112    4.91248492273    1.05949677385e-22    0.0    15.7805934967    15.2843417726    21.9690289847  
62752609.5595    -9.28255980325    -0.0528777164887    0.0769725876007    0.0108938921221    0.689033072842    3.9285714127    -0.439097795804    3.04278178025    -0.47459484073    4.53175384329    0.986    -0.496864811608    4.62324950401    1.57726825258e-22    0.0    17.6024702222    16.1529564259    23.8906877092  
57429902.8774    -9.73193895898    -0.133612998838    0.186152673118    0.0107257569792    0.0139546369504    0.591403253121    -0.348523798689    5.07092040807    -0.00310366822227    5.80297826252    0.9698    -0.377418257138    3.84627225097    5.77383323482e-22    0.0    60.685295577    60.1119891254    85.4175411486  
33019759.4642    -8.96668920609    1.53194752541    0.13779701609    0.00212585177858    5.08861037763    2.40224025709    0.00202922166926    4.2871665302    0.701497321674    5.06548994469    0.9851    0.160776663237    0.530665916075    1.0461055212e-22    0.0    16.5721297022    16.5256080342    23.4036579142  
35808677.532    -9.25953178128    1.35630653146    0.0930891892238    0.0026301486722    0.823091626712    5.60849349224    0.829920414347    5.7079789954    0.624894449027    2.62265909439    0.9891    0.237330528846    1.03095165532    1.51953403956e-22    0.0    20.9444465174    19.7325774942    28.7757615795  
33118127.8436    -9.24668011619    1.29570573208    0.117241475964    0.00274084877415    0.108777119087    3.21808871239    -0.603865337631    3.74146720109    0.366455205605    0.92034002023    0.9746    -0.353634612519    2.2139180761    1.4892524466e-22    0.0    26.453578384    26.2047582679    37.23548261  
59710145.5551    -9.31735997527    1.24874249946    0.167049519206    0.00274494458456    0.0176611790553    3.48481209062    0.815895000285    1.16918795996    0.864219179819    2.46046171678    0.9971    0.118146043614    2.03688174695    1.67316203179e-22    0.0    31.3688404704    31.0738329957    44.1541306052  
26978906.4496    -9.04528530773    0.693728601593    0.15441143158    0.00484054999792    5.64427452294    3.05300121979    0.700901994889    1.09692875803    -0.858226159143    3.22378905803    0.9811    -0.793660374936    5.25094591414    1.13909251411e-22    0.0    18.1699771683    17.8873165533    25.4971403058  
8610258.87121    -9.30434342573    1.75243993232    0.0750146095181    0.00179371413347    3.68012909485    2.11354857494    0.257002377793    5.74724466487    -0.778268533571    2.99673162074    0.9868    -0.377275747427    5.98036542165    1.6360070708e-22    0.0    19.4823047034    18.4722559166    26.8474288379  
52508945.132    -9.47074348974    2.02537310405    0.12007400184    0.00131813148194    3.93703967665    5.06531620284    0.25634303063    5.97163463138    0.391440352375    3.49977483509    0.9808    0.539707428195    2.02442993837    2.28682813084e-22    0.0    48.2311568442    47.8610989378    67.9479895366  
20250512.5628    -8.94337599244    1.79795320787    0.160198288851    0.00159560704288    1.94864362322    5.08588319233    -0.667018233595    2.10477253011    0.460444903497    5.22809442957    0.998    0.484889602067    2.91271511916    1.02169481793e-22    0.0    17.2058679003    16.6770486405    23.9617578979  
38723888.473    -9.22410511007    1.31114272441    0.144290548759    0.00263550013034    3.89076441378    3.45263687909    -0.622479299445    2.89880934206    0.0966452415955    2.55642882253    0.9869    0.167753177868    3.67830905215    1.43905260919e-22    0.0    22.9175829323    20.0171716385    30.4286504443  
22328707.4087    -9.17918664863    0.807815675213    0.149649027609    0.00433807681997    0.472009408506    5.41777852841    0.700937812235    4.28593574168    0.183746331938    3.71185459432    0.9787    0.567229032549    0.400666174945    1.34870734264e-22    0.0    17.5449075688    20.0483455255    26.6413201607  
32949668.5523    -9.10044121778    0.770971334398    0.165657561735    0.00443224358382    2.63387426397    3.63843176841    -0.195306295527    3.07769125017    -0.819193674952    0.990565024146    0.9894    -0.0351650954709    2.57685555319    1.21632092586e-22    0.0    19.4324583784    17.9851527598    26.4780316191  
55581825.3953    -8.9385976851    1.22271033028    0.0802713172411    0.0030350384307    4.22162075062    6.14724507841    -0.118038631002    1.15888488203    0.346461493754    2.25869921402    0.9895    -0.731494685303    6.18788695141    1.01690182131e-22    0.0    18.585785864    18.707517802    26.3704884008  
28680406.5109    -9.68406199898    -0.167938326653    0.014961235863    0.0127098783434    0.0268969874001    0.285802909112    -0.388673406688    1.75682944806    0.269232799074    3.96705304766    0.9972    -0.555978198475    4.72261355153    4.54353940021e-22    0.0    55.0495051152    50.5988181626    74.7709061927  
39980287.9047    -9.20422904786    0.777477330269    0.045250054056    0.0048512242009    4.28952804663    5.92893096425    -0.603213465532    1.4925619123    0.798799067849    3.44433776887    0.9756    -0.253302727818    5.06814823394    1.39747086403e-22    0.0    24.2354326212    24.0148543473    34.118461625  
15434704.6629    -9.11193636244    1.1919016702    0.00517617874009    0.00327956663291    3.08037807464    3.64143652781    -0.115777396622    2.02028446287    0.315891696375    0.201889967347    0.9834    0.412908756381    5.91397736714    1.23386222736e-22    0.0    19.3014424575    19.3902587696    27.3592363946  
24972859.2371    -8.97214724895    1.03097317055    0.161060382923    0.00343287710682    0.842509430607    2.93604387807    0.0755538666079    2.52322767989    -0.759928866691    5.5765153026    0.9767    -0.387686321364    6.08851114276    1.05197891051e-22    0.0    13.6916830558    14.8173874913    20.174666217  
47718747.5358    -9.32816254946    0.697292945439    0.135488330269    0.00490814268244    1.46222683416    1.95943798673    0.203493252342    3.09959176392    -0.375191792209    3.67597647315    0.9745    0.88213894395    4.72511233998    1.70545885024e-22    0.0    29.1357508177    26.7465804754    39.5508728455  
19819712.5955    -9.6399610955    -0.567085053576    0.131783992611    0.0174363810565    4.3323286942    1.24664640257    -0.151335268075    4.51950703624    0.0309913636314    5.52265311465    0.9699    0.327260370188    2.50845716776    3.78728370346e-22    0.0    24.4668050523    21.491198629    32.5652601399  
34234632.154    -9.36243487002    0.748446531822    0.15921361313    0.00456177821884    2.34519894331    2.70588349897    -0.768469551023    2.11882025654    0.674432879798    5.20053055092    0.9948    -0.491211736989    1.91813880357    1.81665574196e-22    0.0    23.4783885645    25.4012894749    34.5898863336  
60845044.6222    -8.75478835837    1.8000314494    0.108022270487    0.00166785764676    3.02303065474    3.87073901293    0.10494241222    5.82921270181    0.858632736161    5.43293386876    0.9915    0.21340642558    6.21090209631    8.64357368268e-23    0.0    15.971478829    16.1265622354    22.6970074132  
14641168.2414    -9.4918621667    0.422148209699    0.0885597439156    0.0067169977723    3.91477808615    5.35878143723    -0.870236971929    5.43139120689    0.327159726987    2.69777336694    0.9707    -0.85143643704    4.30513652918    2.40724155901e-22    0.0    14.0441208812    17.3567238876    22.3269611778  
18748777.758    -9.13991084766    1.30323358311    0.180370497018    0.00256463345471    2.43409394826    3.09953887161    0.410655400958    5.54172631161    0.614456054192    4.42420572135    0.9722    0.720348732312    3.84448821827    1.27908587448e-22    0.0    22.0336241195    22.2821196037    31.336455541  
21594545.164    -9.02523378532    1.5703417786    0.125025895197    0.00206890484598    5.7192442701    1.44476341124    0.196355294174    3.57500695108    -0.152901538888    1.15179865096    0.9733    0.775864209018    0.93070435579    1.11361141603e-22    0.0    19.849652372    19.5618934587    27.8689141335  
56824889.558    -9.4944109378    0.251740985312    0.00244935176222    0.00840868288027    2.44456708875    2.17678905421    0.774193181347    1.41481186    0.808145321102    3.65274352662    0.9916    -0.905532362209    3.55042030655    2.42259002037e-22    0.0    46.0813431177    45.5612070502    64.8021123992  
43249964.0631    -8.9955529905    0.843162853357    0.167534820616    0.00411591071163    1.50748317032    5.71525507214    -0.699384425521    0.516946532789    0.400714284297    4.77910920266    0.9705    -0.258367263103    6.00255578047    1.07824486838e-22    0.0    15.9639033474    15.5978384805    22.3190227239  
31849440.5698    -9.5432207331    1.17254977267    0.0738091263914    0.00320604254002    2.28689324979    4.24780434193    -0.383909017945    3.36340503071    -0.680323308657    1.29038731453    0.9763    -0.226226183291    3.20087437815    2.75971558464e-22    0.0    57.0832927336    52.8648330935    77.8022678803  
47715170.5264    -9.13844295749    0.678628586494    0.0922573313313    0.00518284980721    4.14471492973    3.09516706473    0.566741371053    1.64032006564    -0.498271196683    2.94584159759    0.9718    -0.758685475608    0.740378544531    1.27654779874e-22    0.0    15.7928403441    14.1052536924    21.1747960524  
57124203.2967    -9.28707017146    0.205797391431    0.141957169085    0.0079769386053    2.32409825738    1.82162711174    -0.309613773572    2.22783271237    0.521319386669    1.03194180559    0.9693    0.575169238897    0.727435796314    1.58905384787e-22    0.0    18.6650378545    20.2922653816    27.570993316  
31075020.58    -9.45100101101    0.814844367597    0.0629906618196    0.00461938616323    4.96659039751    5.43074512823    -0.0233140026162    6.14522234993    0.992009538977    4.10964079437    0.9822    0.952385138167    0.895225656133    2.18395919156e-22    0.0    25.341058234    18.7171840512    31.5040030984  
52231016.002    -8.94171792973    1.14636787969    0.180420107307    0.00300005349302    1.35801376539    6.06196214922    0.110803826551    0.652451885549    0.503976297745    5.07817561543    0.9893    -0.426236985739    5.70605353448    1.02003097456e-22    0.0    18.3293055489    19.0988661284    26.4713076613  
13267235.3661    -9.05240993449    0.780088929609    0.143361730838    0.00448607948635    6.09127560415    2.71573607783    -0.693525583854    0.860158178687    0.336875382111    1.30337382961    0.9673    0.635102344267    6.18291851006    1.14853071886e-22    0.0    17.4155303886    16.5657607258    24.0359132787  
15663347.3723    -9.65191540088    1.48660972797    0.16535557029    0.00216747909169    2.89547222505    4.04642775538    -0.741029649875    2.04591742341    0.585580767918    3.58184374355    0.9805    0.802590237505    3.69452335329    3.96708177914e-22    0.0    81.5500237925    83.2684565496    116.55059947  
61163592.7347    -8.96862127517    0.871706378252    0.10002804916    0.00424715912982    4.18976007297    5.88581871582    -0.985304881407    4.14835877272    -0.226325539927    3.23194268145    0.9786    -0.562902677646    1.07783355019    1.0482173434e-22    0.0    15.0680807539    15.4091058168    21.55197438  
31630084.3203    -9.39537189181    -0.253878814117    0.0126017985858    0.0138681090814    6.25537064359    5.93548386717    0.712020497119    5.88091336106    0.624816374978    0.307930264451    0.99    0.306795704584    0.540975641203    1.93808078236e-22    0.0    18.2609448213    18.8110513075    26.2167457374  
34480820.4982    -9.07323428141    1.66302923169    0.107732129    0.00191319996421    4.13147597044    5.42997872167    -0.747984580855    2.24963513081    0.552779784475    1.91520099525    0.9669    -0.115883687387    5.86216785394    1.17683356429e-22    0.0    13.7131626965    15.5066994381    20.7004482706  
58015809.2649    -9.59078175055    2.43492941463    0.0368776966698    0.000929546748093    2.750321711    1.72335387318    -0.408986709885    4.0703046455    0.993452033482    0.619127151001    0.9701    -0.372346374405    5.80373816745    3.18782705796e-22    0.0    23.6450111071    17.5830042938    29.4660582748  
43614913.0803    -9.26852282488    1.86470635826    0.0451176331136    0.00163572359517    1.73344220515    3.79941678907    -0.884196776862    0.0771510585193    0.311333857573    4.45677536161    0.9755    -0.815701088908    4.77152385382    1.54164450315e-22    0.0    24.8265374834    26.0307213193    35.9715917888  
38311452.4385    -8.87794215282    1.18205211848    0.0456686785825    0.00323617766429    2.99972396508    0.0470974046194    0.632377143293    2.74914259178    0.486514942982    1.03911642788    0.9935    -0.574704698533    3.52079613729    9.59829608129e-23    0.0    16.1399390469    16.2670412318    22.9153717594  
43200309.4043    -9.0645969506    0.684778591649    0.180769841763    0.00475814839679    4.91469408519    2.97053098063    0.80317446454    5.77902192292    0.51378971576    0.867970043383    0.9789    0.0327682916989    2.50548810103    1.16494633746e-22    0.0    16.2289476551    15.5743451394    22.4930871273  
44927471.213    -8.94507458679    0.924956414329    0.0579701472918    0.00415172833399    3.31807391191    5.12251071856    0.520347287179    4.82821728378    0.68258669491    4.34055515613    0.9828    -0.973275545444    0.769815494933    1.02348809757e-22    0.0    18.3764837929    18.3447472239    25.9658411629  
14196257.0879    -9.34690068755    0.660824902125    0.108599165027    0.00520842981358    2.2368174895    2.0729777046    -0.419143247147    3.26691645711    0.910501946261    1.65773735099    0.9713    -0.235390406299    0.604602213015    1.76446891853e-22    0.0    23.7702601069    23.7443859202    33.5979333929  
59662820.996    -9.27617405181    0.340342330575    0.0656019147853    0.00741110731555    4.28353554455    5.2378883961    0.823158313716    2.21989975879    -0.505018736375    5.58994326922    0.972    -0.939508685809    6.23471513344    1.56073656234e-22    0.0    20.3897700026    20.5857036351    28.9743665144  
55181771.1621    -9.14580405072    1.1055350418    0.0597851955113    0.00346161179446    3.0651475898    5.49725801956    0.766905938648    4.3049020933    0.766321863652    0.294777427164    0.9877    0.526190967354    4.51100913755    1.2889672331e-22    0.0    20.9904766922    22.4552314696    30.738209644  
51322827.929    -9.23071869197    0.774934571122    0.0568168906051    0.00482741720911    4.74610362268    5.93033737904    0.602296594557    0.299354603631    0.707458948148    0.515704070046    0.9888    -0.871103527146    5.31857579246    1.45337828102e-22    0.0    25.2203065231    25.9905651079    36.2156504256  
60351504.6504    -9.08376796541    0.217754776245    0.0372968069605    0.00853233247417    1.30893158435    0.925817772528    0.204558389774    1.24351123964    0.505012395613    2.52477490356    0.9695    -0.0278123168447    0.393951455764    1.19175080955e-22    0.0    15.8191495516    16.0737425464    22.5523988077  
6861730.61996    -9.09147924592    1.34936259975    0.030739918975    0.00276258428519    0.260810213009    3.93619533463    -0.938154501913    5.7103487928    0.769524555503    2.5613238392    0.9698    0.735910006269    2.37368607386    1.20299635312e-22    0.0    16.5268244656    15.4829873269    22.6463865436  
38040703.8918    -9.09353690486    1.28812850393    0.0312807716639    0.00293610140473    2.28094895589    0.497838888735    0.982807762117    0.666933521615    0.674580533541    3.52387542055    0.9717    0.824620694469    1.70949042833    1.20607955679e-22    0.0    17.2750669182    18.2816035665    25.1524345937  
38108036.6405    -8.95758164002    1.12359641413    0.0867912515391    0.00333516112678    2.8853809385    2.51885474405    -0.592938547044    1.59248278499    0.627155874989    6.2155629867    0.9978    0.752621941506    4.42710604731    1.03639143689e-22    0.0    17.106113966    16.856631902    24.0159358364  
18544095.8563    -9.35261968052    2.211192915    0.0862879850192    0.00112445751741    4.70729878398    0.659092405551    -0.13246458938    5.50404187702    0.908882357336    0.620698988072    0.9899    -0.0885423505512    2.26718163595    1.78325270399e-22    0.0    27.3122760938    31.2944799867    41.5367897539  
8042221.13759    -9.2681574518    1.1411389781    0.140514467351    0.00313467581668    6.10252668163    3.64234447903    -0.203848495233    0.941938003811    0.255820477066    0.403035718445    0.9741    0.425995756574    6.00301068369    1.54057555902e-22    0.0    28.3404109185    27.6495621399    39.5939032878  
57881857.2459    -9.10766018666    1.57011766508    0.077096684454    0.00214924700237    0.140753315124    2.38068091884    -0.150702739505    5.83221322479    -0.379636799502    0.305657183198    0.9824    0.0209365622359    4.05966584921    1.22731225557e-22    0.0    22.4729587882    21.9884292201    31.4408157697  
40798265.0987    -9.17299909914    0.523647244475    0.0108955971954    0.00637877296088    3.31674121998    5.77298128196    -0.530558088498    2.94077013044    0.889977728583    1.46125422116    0.998    -0.434292963698    6.12158327393    1.33712481187e-22    0.0    15.8965958187    14.2481879718    21.3474265218  
59401711.5368    -9.22330642786    0.263804672296    0.0824089531896    0.00790554205607    4.85137367699    4.20075411134    -0.786916368777    4.80521441974    0.433160460458    4.29828280997    0.9804    -0.145831314853    5.71518942768    1.4372455184e-22    0.0    21.5034205231    21.4057101119    30.3414159127  
41663050.9845    -9.64390467713    -0.268468953988    0.0616642873164    0.0136600268291    0.222124720573    3.63834188893    -0.935320998658    3.49963444633    -0.351622457888    6.15644181172    0.9958    -0.0547433794374    1.19513035333    3.84445836772e-22    0.0    36.403435505    36.7265456265    51.7112102955  
46155393.5437    -8.76521166008    1.50293630362    0.130006421501    0.00220361535442    5.70973446713    4.4928133695    0.939575717726    5.67184854236    0.0813064765426    0.702785155634    0.9708    0.720907036204    1.82796982821    8.71565951821e-23    0.0    14.2494884634    14.1504693866    20.0819248413  
21260019.9789    -8.96680502503    0.993717570243    0.0349971051099    0.00393254124216    0.46995770694    5.63691875389    0.854071414401    5.93831980171    0.235075580386    5.52499585592    0.9683    0.129383792943    3.9076840096    1.04619626082e-22    0.0    18.4693205928    18.5304582805    26.1628302606  
32978767.0339    -9.56946566989    0.625460087847    0.0586079115849    0.00559904658958    6.10065077509    4.67361262537    -0.580859654492    2.52205186105    -0.747840789525    6.23501898553    0.9968    0.299608379333    5.35782678501    2.98118558844e-22    0.0    45.08612844    49.982102056    67.3124765824  
19600734.98    -9.77544066719    1.96521046347    0.0880588426053    0.00143613585932    1.46311916714    0.767168533049    0.619617404973    3.3366633036    -0.38757882881    4.28766673299    0.9859    0.729379656396    5.91872940802    7.61049317999e-22    0.0    148.628715929    131.444551123    198.414125552  
50232066.6382    -9.232932975    1.90351982727    0.173074881193    0.00141760220135    2.99823641037    0.37585486436    0.85042525936    1.21828573228    0.647650144022    6.14123133085    0.9811    -0.929202705101    5.12315741081    1.45817806432e-22    0.0    22.58909739    22.3981123355    31.8110477207  
35735883.0693    -9.04319945324    1.18096913518    0.0449132411436    0.00324122336068    5.81748156597    0.883548055324    0.729932344092    1.09616984534    0.54475449268    0.882961664555    0.9711    -0.95829357434    3.77844521453    1.13641017169e-22    0.0    14.8230024557    16.6987654491    22.3286848991  
914024.347751    -9.71981459916    0.968324885505    0.15917613823    0.00366149051907    0.104026011624    2.86105629294    -0.954620882723    5.71088844394    -0.483110362113    0.170262343725    0.988    -0.572639765531    2.12770772091    5.40436093682e-22    0.0    29.0800433852    27.0690169315    39.7288384039  
27674520.8657    -9.05316728716    1.17238285232    0.0014937930996    0.00335048830742    0.57648704094    4.76575965198    -0.322973234844    3.19021532834    -0.022701722795    4.63932828388    0.9774    -0.344989132162    5.373483291    1.14952943438e-22    0.0    19.9606231097    18.1934386376    27.0079189199  
3709293.79972    -9.5704536728    -0.0317646665599    0.0432603940641    0.0109104181635    1.65962805946    3.64921950415    0.873348317162    4.9482744941    0.703632178001    3.49366085978    0.9937    0.58826720781    3.91780984587    2.99006682023e-22    0.0    17.7965872057    16.6873421416    24.3964321965  
42710548.452    -9.01610688335    1.27138279513    0.0329405653014    0.00298275447151    1.78369813045    3.87394076672    -0.931000939057    5.61821754593    0.323282614946    5.17393582506    0.9821    -0.431841192004    0.587056251626    1.10250364585e-22    0.0    15.6918240687    16.0326373405    22.4338762298  
37186909.1398    -9.07040396948    1.18692184428    0.0527626350705    0.00320586994308    2.64231426011    1.55695788597    0.0750893727404    0.344825313422    0.791522553306    0.51710413536    0.9899    0.0366391685959    2.43275742029    1.17291032081e-22    0.0    19.8985347009    19.4591271009    27.8318039439  
27125692.5946    -9.14151882356    0.86850935121    0.152101157062    0.00407322202032    0.671157457468    2.49572230369    0.0648357459975    1.53018095725    0.463283143684    2.85647304581    0.9702    0.483718597813    5.1752018277    1.28179623896e-22    0.0    20.6075084146    19.5783785767    28.4250296525  
19071995.895    -9.12505660816    0.916056465369    0.0143191446897    0.00430050481627    4.12218806866    0.410508504072    0.891827164985    3.84309166476    -0.468510181067    0.530885266618    0.9885    -0.594640772904    6.00165674332    1.25461615661e-22    0.0    14.4794604445    14.2793485586    20.336041159  
41982877.8543    -9.53221922134    1.62449632974    0.085329748974    0.00202326308781    1.49430780005    5.17289972438    -0.0740037989191    0.404061750831    0.753649056733    2.15528426503    0.9882    -0.42309048157    1.32037845115    2.67594125635e-22    0.0    57.0639116445    55.4235148401    79.5490792492  
61440852.9526    -9.25087728671    0.997238186682    0.0324814508228    0.00392459823355    4.85460207592    5.60912801236    0.0522036610076    0.438618128363    0.969282437484    3.68776012904    0.9925    -0.936052147454    5.48253925761    1.49895514719e-22    0.0    14.948080181    13.9939228033    20.4762051299  
49246816.4004    -9.03366016643    1.34708420831    0.0449356718695    0.00274511148175    1.99792946094    2.16047780237    -0.197872623733    0.33594509563    0.0474784709734    1.46018715056    0.9735    0.277144116012    2.58059061938    1.12423859837e-22    0.0    18.3369499799    17.772541312    25.5363850075  
34860973.8732    -9.29106687284    0.481334520335    0.019617655417    0.0066230116788    1.58065926747    4.44542881757    -0.138489350203    3.05697525404    0.277216957177    0.452538241165    0.9713    0.725912614705    3.123835228    1.59966564832e-22    0.0    24.4984913946    22.802193872    33.4681359802  
47167340.8038    -9.4764473537    0.876896258442    0.0719195681573    0.00431470287215    0.621528115466    1.30260413521    0.0874331189679    5.16374024679    -0.587935025636    1.7240294298    0.9811    -0.584829648376    0.375826092393    2.31799399564e-22    0.0    42.2105558647    43.4313399054    60.5641173665  
36445958.2954    -9.27922990244    -0.1340526886    0.0604517237136    0.0119517138043    1.87035577843    4.37501810979    0.637570015961    3.08035555244    0.816773446901    1.30593121612    0.998    0.235322178131    3.77534429461    1.56865092074e-22    0.0    21.7250219121    21.3798629421    30.4807335297  
19796080.2041    -9.04649709987    2.16824359555    0.167338977204    0.00109414511301    4.40474245002    4.85229972458    -0.138605261977    3.31694248966    0.261326619979    0.797835906148    0.9758    0.645606218793    0.610996226061    1.14066106666e-22    0.0    14.4532840484    14.262217571    20.3053753924  
38815900.8145    -8.86450311829    2.25997624149    0.130944365138    0.0010327617215    1.08733340141    5.07513328546    -0.219424479483    0.324099820676    -0.345530150422    2.60209506817    0.9933    0.604936220627    5.00438401904    9.48166942985e-23    0.0    15.1510176021    15.0139826198    21.3300963075  
44126340.4153    -9.07529773327    0.372439161795    0.148706857286    0.00671059522493    4.3050096435    2.90196017693    0.154997426473    6.14769819992    0.958158046725    5.30506405978    0.9671    -0.356044615814    6.09686072329    1.17974022564e-22    0.0    20.3213627027    18.392782048    27.4089805276  
52196196.5773    -9.18897418538    0.94608435994    0.137279841668    0.00382095535716    1.37230153962    0.553548018089    -0.211142034447    3.53166241795    -0.78444681609    5.47135772967    0.9854    -0.515366031543    5.98888949993    1.36728992235e-22    0.0    23.3986764908    23.9113101793    33.4551762215  
23449068.361    -9.07083229004    1.05248307131    0.130206921718    0.00345691612017    4.47707516804    2.16058995989    0.824690577813    4.22239747166    0.914267604432    5.965438354    0.9927    -0.834793239709    1.76754723336    1.17351659039e-22    0.0    18.2484904057    20.2586093241    27.2657047191  
48460827.8839    -9.73751417625    -0.182016298838    0.0274898778244    0.0127999209155    4.5416408019    0.648823248407    0.300667283658    3.78209239228    -0.200828593117    4.08636850816    0.9935    -0.472472506804    3.57706067781    5.95765878743e-22    0.0    69.1969100079    73.3986224644    100.87403102  
45475354.2875    -9.40424178953    0.16461108142    0.0220407456004    0.00907859070105    4.50829305715    5.15898486994    0.94127015267    2.58749202093    0.862705946591    5.55192134256    0.9674    0.0322192041192    0.732781850845    1.97345008121e-22    0.0    16.4104271071    17.5324337796    24.0143363862  
38884136.3141    -9.23681980758    0.987809297855    0.172717598753    0.00354322496236    3.48512187911    0.550844917217    -0.722486704011    1.75553744242    -0.529154374603    5.70428295513    0.9943    0.121961749206    0.512639558453    1.46686575957e-22    0.0    22.4581882076    23.0585343614    32.1879826094  
48436551.7835    -8.92747443205    0.328917641789    0.00470070879845    0.00777520408542    5.68967088352    0.200171014894    0.352995965763    0.14540603728    -0.34993683376    3.40920063577    0.9858    -0.857007307315    5.26393968531    1.00584460379e-22    0.0    14.6874028612    14.4072116366    20.5739531921  
62018692.63    -9.46494489446    0.978660053324    0.048715209988    0.00395845188763    1.10180703988    5.14885589644    0.104918366937    2.90781524565    -0.720278471457    2.00608250363    0.9804    0.602449149939    0.400083083859    2.25549246807e-22    0.0    44.6707683347    42.5271196197    61.6768469263  
27480034.1121    -9.3343882505    0.884484392208    0.0640152137313    0.00430563303261    6.0536363937    0.388157937117    0.344117073228    4.98706381114    0.686159428819    2.57678190054    0.9859    0.693848885108    5.23404426078    1.72467691096e-22    0.0    31.0529798976    29.1626697281    42.5998693212  
46477263.2961    -9.16637812437    0.577010696629    0.143962574748    0.00549317428225    1.27009207204    5.89503906908    0.069967718696    5.72374938588    0.8537244467    0.722861185272    0.9781    -0.506238278459    2.36694908757    1.3251699776e-22    0.0    25.889891267    26.5568311836    37.0884315162  
21462049.7144    -8.89785076284    1.98508742069    0.110992890256    0.00138273472083    5.23435158169    5.65568387791    0.151733036087    3.20795525627    0.365059140324    5.68329131819    0.998    0.86060799831    5.66846643352    9.77694015842e-23    0.0    15.5382335429    13.9642320786    20.891062184  
37590840.4624    -9.00257084298    0.188427814218    0.0726463355291    0.00858471800542    3.68489017522    1.15199379555    -0.461721312818    0.661149027111    -0.77417056607    5.57139433771    0.9962    -0.103321192187    3.25999549723    1.08640298857e-22    0.0    14.4274500933    14.889651112    20.732897203  
46983483.1394    -9.35603265312    0.147426801197    0.145184476857    0.00843142702705    4.1470089943    5.60788202758    0.605391970927    3.99599854462    -0.94662645609    3.10969206958    0.9884    0.552703422454    3.16050015562    1.79483775179e-22    0.0    18.1988463868    18.4249104333    25.8974001454  
62738491.4024    -9.06094219322    0.856982577828    0.017509363849    0.00455427913812    3.58916032308    4.88300334575    0.937599273104    4.37055585015    0.247206612626    5.46273195326    0.975    -0.13448702559    4.21286361088    1.1599308341e-22    0.0    15.3821018197    16.0529985042    22.2330343715  
27161636.0536    -8.82062282372    0.902963765484    0.0308697076218    0.00431669114727    6.03982421026    0.364353600748    0.0849338921047    1.7065141103    0.75542095552    1.53806829499    0.9905    -0.463031348568    5.55161370906    9.12374447194e-23    0.0    15.3514265725    14.8266618557    21.3423569362  
42833895.9639    -9.22775721409    0.327280146306    0.0209637257412    0.00772030670124    1.45767525384    2.82904568249    -0.92919088681    1.20589899528    0.477929729665    3.04761980256    0.9906    0.332786040252    3.09337525083    1.44677723644e-22    0.0    20.0999828437    20.9273914412    29.0166335547  
44375012.9518    -9.30077855212    0.438926132733    0.160764174318    0.00620734402029    2.93331031403    3.23322677891    0.174985879162    5.69689730968    -0.307346851664    5.55422131286    0.9205    0.119778556791    0.788621710785    1.62611728769e-22    0.0    22.8266949104    23.40498798    32.6932938518  
29992139.0564    -9.38522969744    0.131354491905    0.0353435319091    0.00931327794918    4.4554104979    2.09499415759    -0.903095829272    6.169296427    0.562408974602    1.39745297076    0.9898    0.816174670004    4.734176588    1.89899222592e-22    0.0    22.0231209227    21.9563956152    31.0982501692  
26927159.2813    -9.15080359821    0.949485912207    0.071363537512    0.00401416943846    6.20174044519    0.309629219894    -0.655703053183    5.35633639317    -0.94662645609    4.54174373234    0.9701    0.316255200168    0.743433709259    1.29754801347e-22    0.0    15.0277182146    14.0618041616    20.5807349484  
42226498.5817    -8.98342827886    1.69642189946    0.00138501907265    0.00198401363659    4.1337331724    1.2351004349    -0.248669742308    2.53713458518    0.770736538507    6.07961171312    0.9901    -0.0408900065378    5.85544641519    1.06446575945e-22    0.0    20.1746786013    20.5336949531    28.7862864068  
26657479.0472    -9.2165432612    0.531220471484    0.183862245401    0.00553012024242    3.48859454473    5.09251864303    0.587114428714    0.113516478519    -0.613435700707    0.766235402131    0.9671    0.242746618491    5.12351537421    1.42286082385e-22    0.0    14.9097604817    15.1774820939    21.2757354828  
22849383.88    -8.90356072739    1.50043975679    0.056269154152    0.00233770203756    5.0498432896    6.03557722281    0.738969947571    0.320903412949    0.421769785158    3.15709405124    0.9728    -0.920982311467    5.15752327447    9.82997654893e-23    0.0    17.6355408905    18.0778160726    25.2550932775  
23532780.6225    -9.11345523698    1.34603754795    0.0863570594222    0.00267087059852    3.80115303219    1.26937595328    0.879770694807    5.05363795207    -0.661339891172    4.52881039269    0.9863    0.257381832967    1.6421152427    1.23631533407e-22    0.0    16.7939517779    16.7189632036    23.697268765  
28651888.4914    -9.23879424184    2.0010446311    0.097083511217    0.00137604941666    5.36902813386    1.06499372582    -0.0946691196006    1.17159013499    -0.261816302667    3.60625294128    0.9958    0.703936579465    0.734032579819    1.4712943017e-22    0.0    24.6473570964    25.5376127072    35.4917155773  
38728690.6724    -9.15615481267    1.32037710194    0.0209838319659    0.00285978339735    3.4218640579    0.600798883164    0.653474345844    3.24664232099    -0.328678196331    5.33953140991    0.9977    0.708134207721    4.91130068204    1.30688724415e-22    0.0    27.22911023    27.575805378    38.7537028704  
37267223.1356    -9.17195575275    2.23067588627    0.138089020001    0.00105673232103    3.9032215796    2.7599424271    -0.42042808235    2.58715005262    -0.708735142093    3.02460226633    0.9831    0.47422551033    0.811746904911    1.33521025874e-22    0.0    15.012484743    15.7879575199    21.7861033875  
36626210.967    -9.09301114249    1.145203215    0.167356192744    0.00304346501915    6.1900016759    3.0565796705    0.980022368515    4.52958100491    0.253112649731    4.22016287999    0.9672    0.447640811668    3.11406163876    1.2052228813e-22    0.0    18.2913003516    18.0425316534    25.6925011826  
18081350.9179    -9.36732120092    1.29802269132    0.103658006985    0.00276504783044    0.22425333816    3.97896059604    -0.702585628957    1.28565576884    0.716656463843    3.05989709117    0.998    0.734564101612    2.32621272365    1.83358698934e-22    0.0    28.1446713592    29.5854522054    40.8340728818  
3839812.87042    -8.91463955791    1.82415679879    0.133471645819    0.00159332881556    3.85291754504    1.68829181146    -0.603736469645    0.484139594372    0.122388705408    0.747891339831    0.9752    -0.360030465826    2.93631677433    9.93430311464e-23    0.0    15.4329363884    14.9045326184    21.4550837365  
58615615.6288    -9.61928620177    0.673959939442    0.135469254814    0.00502409645268    4.59661574169    1.96893801254    0.436392378669    2.35224626167    0.813645977494    0.959385976328    0.9824    -0.0768363013084    0.396823396378    3.51097089419e-22    0.0    56.8605694311    59.5447351942    82.3328600583  
56521627.9113    -8.98720394605    0.708981880543    0.10631918962    0.00497271326092    1.3264942501    5.60461521572    0.220165124516    3.3962602788    0.787348533691    6.08004046329    0.9828    -0.305239633028    5.81442655431    1.06873192281e-22    0.0    16.2647407139    14.8971631863    22.0560028448  
14507389.6848    -9.28675112434    1.74585509023    0.187009539682    0.00163604162635    1.48239732549    5.0606878459    -0.913290411645    2.00633492389    -0.625212416282    2.94573730697    0.9699    -0.92104717214    3.66438343147    1.58807450211e-22    0.0    28.0485327169    27.5893485802    39.3432629894  
24592228.3525    -9.21495855329    1.37186718727    0.109853534254    0.00255541592845    3.38160404912    4.6253089686    0.619186952171    1.57673452463    0.118715691734    4.1067427065    0.9785    0.838445856521    3.75215935007    1.4196780507e-22    0.0    29.2796392817    29.7943127638    41.7731773933  
54754162.3966    -8.92037275995    1.57250750883    0.160039413655    0.00199941310793    1.2411560918    2.76156952891    0.480373444797    3.72753355302    -0.886859743464    5.7820716131    0.9696    0.913015907926    3.14164618361    9.98891405806e-23    0.0    15.2781723419    16.8503104188    22.7454503433  
34096771.3929    -8.80690718714    1.02121676528    0.0281398953705    0.00384137210859    6.01457794582    2.03859077987    0.292463728771    0.108283818428    -0.0804167461216    1.64634969419    0.9897    0.0947317369081    5.02731909526    9.01809084939e-23    0.0    14.9648430289    13.3308405159    20.0414030382  
31850453.1155    -9.12791006481    0.20446731709    0.010954102898    0.00877691181192    2.62716293553    5.83300111691    0.479990424762    1.28493435851    0.666494226052    4.62596270765    0.9864    -0.522464490062    1.36142026225    1.25923879425e-22    0.0    14.7170292321    15.6731531006    21.4997366852  
57456423.5421    -8.92702909693    0.958889741336    0.108563227184    0.0038660865934    0.518829050776    5.61958275317    0.253013694409    5.45977973226    0.835254973988    1.26019266084    0.9849    0.288094799131    5.89673613012    1.00539839619e-22    0.0    17.3340393297    19.2758292098    25.9234741346  
48552196.1331    -8.82068954154    0.804346405687    0.195682057597    0.00415596412414    1.88291350657    0.0516947371397    0.750237251776    4.93304285154    0.693687677679    2.34334949208    0.991    -0.780994831945    2.14601162457    9.12400619342e-23    0.0    14.6764476784    15.141784704    21.0872416517  
9574480.92402    -8.86670134315    1.37680896005    0.0345708138171    0.00268169670858    1.12367187515    3.56391169984    0.181683229774    4.1314288448    -0.376489150183    0.183086778701    0.998    -0.653526131916    5.7866055862    9.50054333343e-23    0.0    16.8294609891    16.782154744    23.7670249513  
18111031.9671    -9.09643354941    1.88989070479    0.127106671744    0.00150031095832    5.96345944448    4.5535201758    0.0135426568314    0.408818246459    0.163262206754    1.16085501122    0.9711    -0.806518552635    2.0206250163    1.2103717601e-22    0.0    22.1036257454    23.1161568593    31.983229653  
58361190.5006    -8.85963540589    1.84439191591    0.099264637881    0.001606671614    3.73789921372    3.54487777311    -0.586093931262    4.72688910424    0.417231017162    5.51005556203    0.9805    0.438270343262    2.68192014303    9.43999262624e-23    0.0    17.6092796437    17.6931251265    24.9626402112  
43693969.1853    -8.76979831623    1.42351563195    0.199190562289    0.00222903078427    4.99521053502    1.0669721207    0.236742453334    1.72211986762    0.00499630600747    3.87600388482    0.9714    -0.101041393884    3.26161299929    8.74793098241e-23    0.0    16.0693084974    14.6856310328    21.7690246547  
26474459.5007    -9.19993027714    1.18035358059    0.0298728474567    0.00327292376068    2.98491783123    4.36028870261    0.616117159923    6.14691955458    0.81734999694    2.9803259249    0.9891    -0.460856502557    1.49993197144    1.38879890877e-22    0.0    19.5465619937    20.5948434256    28.3939370553  
62116891.6676    -8.80812535445    1.83948863258    0.00776069070032    0.00171392265889    2.39349262225    5.53435181369    -0.434728910458    4.32451380028    0.93837436054    1.12545955122    0.9767    -0.953039254914    3.57859271858    9.02776781195e-23    0.0    14.0226207024    14.69322505    20.3107053972  
17419524.4003    -9.49127491015    -0.157055460166    0.0176822010545    0.0125536349084    5.49243746499    1.7719182897    -0.138012997383    1.63770528658    -0.544341289467    4.21353585872    0.9672    -0.457529208895    4.67183924056    2.40407749977e-22    0.0    23.6474328563    21.7811252884    32.1499377841  
9818128.05442    -9.22665517521    1.52526591653    0.104635383645    0.00220126830263    0.259540270126    5.80248637588    -0.438705266386    2.2413905673    -0.756276935095    5.45468078463    0.998    -0.159558987759    2.57433910769    1.44452011622e-22    0.0    23.8595737941    24.6262678484    34.2889534658  
39097182.438    -8.93608601577    0.971016605347    0.123206047519    0.00377313633096    0.215577243706    6.27572346625    0.59460644278    2.09049704896    -0.36813622579    6.18234000792    0.9928    -0.278440746776    3.63574395169    1.01436201872e-22    0.0    14.8531087473    13.8469466203    20.3064711401  
48822295.7065    -9.77137544514    -1.17490425896    0.0812132701648    0.0333530886004    2.94644888666    3.55827822185    0.716580315746    2.26338202588    0.487475687928    2.58065289985    0.9943    0.87277992263    5.63554776155    7.39088689049e-22    0.0    31.105127171    36.4746208734    47.9366968426  
