tPlunge     logmu     logM     ePlunge     nuPlunge     gamPlunge     phiPlunge     costhetaSky     phiSky     cosLambda     alpPlunge     SMBHspin     costhetaSpin     phiSpin     Zeta     SMBHQuad      SNRI     SNRII     SNR_tot   
57660411.6571    -8.91827412329    1.61259879952    0.0469616709203    0.0021022948005    3.5717291899    0.013824900524    -0.497281416557    3.40601120684    -0.344873180467    5.08666841372    0.991    0.917708033436    5.2007474246    9.96917329405e-23    0.0    17.920243725    17.5193229036    25.061161389  
47841414.6128    -9.43558165552    0.675990521851    0.00527076970197    0.00549354486641    0.170111093897    1.93087772138    0.296371526184    4.53182305127    0.808204215376    1.15820147495    0.9689    -0.846229981307    2.40078763096    2.10989962236e-22    0.0    35.6717227045    35.2491505977    50.1495206215  
30745532.1042    -9.52409734929    1.129963876    0.0263404371971    0.00344912752232    3.06281055276    2.32721149791    -0.243456928481    5.90207359285    0.0529715226037    0.372719331918    0.991    -0.282295528132    1.20801406072    2.61729995805e-22    0.0    62.76735735    60.4014688596    87.1095780561  
24533197.3578    -9.0865493666    0.672266774529    0.03238493417    0.00543191933602    5.64891371932    1.39789622588    -0.385407354004    5.4135148329    0.965301719444    1.24462756756    0.9831    0.0965657687842    2.76307567313    1.19585954637e-22    0.0    18.7158625883    20.3113867185    27.6194848404  
13061953.429    -9.16732129822    1.5571990309    0.115796650427    0.00211273168884    4.10243737562    1.27359936925    -0.508163478817    2.57208210061    0.584120714746    5.72699044922    0.9978    0.452667694908    1.90068565094    1.32681294591e-22    0.0    22.2504522356    22.7146717668    31.7968384932  
40512133.8913    -9.21614684872    1.03265940019    0.145249734104    0.00347875083651    4.46469051096    0.794057641688    0.229540541956    2.4167520757    -0.0194024556393    5.98632775092    0.9841    -0.834742414705    0.364419484643    1.42206284628e-22    0.0    21.8872687549    25.0063034851    33.232028941  
35990136.621    -9.01137261995    1.26897904474    0.140109182015    0.00275951049702    1.76378355899    1.6782456472    -0.513881524195    0.534060040054    -0.279721169631    2.94478031727    0.998    0.180580705353    0.892912866582    1.09674911243e-22    0.0    18.8184740064    19.326358654    26.9748605696  
22417131.5617    -9.39341801452    1.16117153474    0.130388981928    0.00310039275038    2.19747399738    1.16938740514    -0.850151113337    3.91455903085    -0.482847672538    4.60029499614    0.996    -0.0126854097022    0.644959269    1.93051853574e-22    0.0    34.1745647119    33.7781436859    48.0506385401  
60170822.3925    -8.98933404035    0.855829041767    0.00510444548112    0.0045897283049    1.03276887331    0.821851333165    0.454989528251    4.82071143973    0.56141633886    4.39592657049    0.9799    -0.964565641973    3.12925432214    1.07108589008e-22    0.0    15.2698983539    13.1679676515    20.1634612061  
14544271.0444    -8.82950194255    1.78518507764    0.0339938463357    0.0017832155269    3.23339987408    4.24023021514    0.0711420182552    4.71603014373    -0.766776111449    3.43654893109    0.9855    0.418329390273    4.3870975966    9.19341676186e-23    0.0    17.0565567871    16.4051883548    23.6655093837  
11545495.0554    -9.1028270102    1.63619960502    0.0877266402958    0.00199614253155    3.65385799059    6.26427849774    0.696644242956    5.65795903143    0.591321319932    4.08596115435    0.9911    0.583786848762    5.70784044675    1.21989441054e-22    0.0    19.2471591551    18.3898986391    26.620321326  
15191047.5239    -9.4055581303    0.512366640755    0.0740701058038    0.00620301147291    5.0242994966    6.15562645875    0.330986219294    4.18991840746    0.957005425783    2.66196871122    0.9696    0.40761081934    2.33318892661    1.97870956465e-22    0.0    14.8992654374    18.3432776547    23.6318417753  
45610596.2619    -8.91897317959    1.1978949435    0.152837681847    0.00292809893009    3.53714480632    0.795347917563    0.641751656773    5.11129892311    -0.409041729413    2.53591730892    0.9758    -0.0807427872468    0.343976023097    9.97573567637e-23    0.0    19.4156551134    19.7047616303    27.6630673352  
50470035.5507    -9.46151979914    0.295684532421    0.0412345546128    0.00787367566595    5.26131074907    2.79779250477    0.406555199108    0.00985440426547    -0.441709886166    3.56327767731    0.992    -0.453079509702    3.68180969319    2.23763352899e-22    0.0    32.9208804398    31.9077922048    45.8463910501  
60511681.411    -9.48018206506    0.543661620275    0.16328092451    0.00557642246173    5.87838519909    5.01164335726    -0.0417381031696    2.20438299262    0.498351527173    2.54057320961    0.9722    0.300685762409    2.62862978864    2.33891631767e-22    0.0    36.1861482023    38.6071059632    52.9145155187  
46032789.5731    -9.29910851806    0.460168140082    0.0324471774384    0.00671507048425    2.04251246668    3.52366756315    0.183495006904    6.27786450822    0.963154865429    2.65139995057    0.9804    0.322472341465    2.77027788881    1.62140861138e-22    0.0    31.8142943598    29.5690961878    43.4336364466  
21181296.5928    -9.15811633021    1.57722614886    0.00850452758338    0.00222700607812    0.688435631018    3.34986604697    -0.295651500996    1.4788711841    0.294178935739    4.83731464176    0.9682    0.825234450146    2.09367292856    1.31042078886e-22    0.0    25.1634186697    23.4818168087    34.4179220724  
56375482.8674    -8.96564743885    2.05751817684    0.0125903220303    0.00137465260812    2.35845536792    5.4877760928    0.0630591406764    1.00959427052    0.283072688043    4.85833874796    0.9964    0.421369266278    0.0248718842418    1.04500882791e-22    0.0    18.3535322755    18.8001396288    26.2735113193  
28954196.5501    -9.0212712809    2.04218957392    0.0153153745181    0.00139383556419    3.46399836651    5.18128585542    0.36736378578    1.00004676291    0.271350911101    3.24402291996    0.9973    0.957517046798    2.89451601579    1.1087811361e-22    0.0    20.8268010269    21.3904656664    29.8547762082  
42314473.2721    -8.98617996109    0.976875477787    0.17886262223    0.0035598721253    1.33007524092    1.38252140068    -0.901526493252    2.52482421211    0.267209749136    2.68695040103    0.9678    0.623692008811    1.06750149295    1.06753459078e-22    0.0    15.2972429983    15.1101505024    21.5016811332  
24649876.2282    -9.35438159521    1.62687697179    0.0981281466679    0.00199884521677    2.06279905744    0.851925470238    0.441608262878    4.1543199974    0.928961074748    0.496909992429    0.9671    0.740248236577    2.71391898559    1.78935241616e-22    0.0    23.9842249614    26.9261223742    36.0591058279  
60083224.2636    -9.12763795597    1.05669591034    0.0366222542676    0.0036889051295    0.144280498219    5.46459707944    0.575153635323    3.10997241647    0.440626384069    5.7011760854    0.9732    -0.255517006388    1.00890839444    1.25874016737e-22    0.0    19.8344518259    19.0410328118    27.4948433306  
49795896.4173    -9.22580443076    1.10635539853    0.0921342384458    0.00337948150891    0.955326672973    0.456399674856    0.487308497988    4.82924177583    0.372031190105    1.26124967784    0.9932    -0.696332027395    5.92699387725    1.44258837608e-22    0.0    29.0113239599    28.3429041817    40.5583177087  
43955057.4184    -8.83761201302    1.23642802734    0.195451266125    0.00269854285202    0.0919632759247    1.59678094559    0.564668187889    4.0984641301    -0.338858803043    1.66433016821    0.9945    -0.531020007501    2.57439706385    9.25857886913e-23    0.0    16.2181349578    15.9020479545    22.7134988643  
6261448.15672    -9.5537195172    1.19797131602    0.0974366281702    0.00307103591577    3.39852369484    2.20290768074    0.546660042461    2.76741925095    0.537691153843    1.28258530998    0.9708    -0.581484514589    3.51376137745    2.84403742835e-22    0.0    36.6830224528    35.8626916389    51.3008458786  
24311014.9054    -8.95685507644    1.62006954823    0.0321224387623    0.00210569387384    2.73000934044    4.77657084304    -0.686448192245    3.68417559636    0.0190951661741    2.53767039125    0.9818    -0.327958139243    2.04184843672    1.03565176591e-22    0.0    23.0795887866    23.2682129569    32.7731163115  
58836060.166    -9.43151786075    0.541208435512    0.0290176821497    0.00620482913045    3.92228350879    4.14422740532    -0.676693451403    2.2981178491    0.028092630384    4.29831191802    0.8738    0.47675007907    6.26929443294    2.09107369071e-22    0.0    25.854588022    27.2023931446    37.5290542724  
48270995.3563    -8.64118531149    0.852373026929    0.108335074289    0.00430141785692    3.43324471062    3.4021674182    -0.440004073261    2.70593378572    0.128440532516    3.75221826315    0.9755    0.791894597028    2.09459261218    7.94714950781e-23    0.0    14.1815035273    14.5417714775    20.3120200866  
24319192.7532    -9.3828271883    0.535558099772    0.0808211761131    0.00603137397703    0.602439045102    4.32688420152    0.669273284612    4.18456254637    0.822843206807    5.86467946819    0.988    -0.417435264698    0.533369105104    1.88987645917e-22    0.0    26.4715534826    29.5471803959    39.6708836948  
53726599.055    -9.74825253448    -0.118841675574    0.166801511671    0.0107788974819    1.66813189459    5.26561228753    0.720381328097    0.37450110337    0.447883143642    1.57436500878    0.9932    -0.56575995242    4.30080534923    6.35269177691e-22    0.0    72.4588836867    73.081326406    102.913410663  
23346130.6767    -8.79101026182    1.15155216973    0.0644930639533    0.0032954080087    3.91131587541    5.66685265651    0.631921396855    1.36086305379    0.230991215229    5.22792861343    0.9882    0.372867832093    3.31315934151    8.89991543184e-23    0.0    16.729541706    15.9714385888    23.1292977907  
54523818.686    -9.06587501493    0.526924740993    0.169958991285    0.00563325548436    1.14758234573    5.03276491616    -0.60500544506    4.00865401696    -0.491928721535    5.14704705435    0.9769    0.263620941753    5.88188731012    1.16663844957e-22    0.0    16.1206894348    15.5582207426    22.4039027968  
55974660.3374    -9.04311610949    1.25151158278    0.0938519247943    0.00291902516508    4.83560281205    5.34155436096    0.766297458755    5.91410453626    -0.727385094118    3.9208180637    0.9881    -0.96491593736    0.254101610857    1.13630247317e-22    0.0    18.3754953591    19.2352576604    26.6017662375  
6007777.52021    -9.34729600028    0.569937995245    0.0433538970465    0.00597722975341    2.21827651116    1.54729452887    0.0982526212309    4.76215198925    -0.298770141795    3.37118836188    0.9748    0.317358747159    0.895664054189    1.76586702215e-22    0.0    15.0775131428    14.3654136658    20.8253814458  
57962587.6774    -9.55970881013    1.00201875293    0.148039783711    0.00357773347713    0.366984490338    5.36200396306    0.849943551954    2.37196220432    -0.0886870002243    5.35360131354    0.9794    -0.132799513205    5.06401319361    2.89490865153e-22    0.0    51.7538797539    50.4480314606    72.2735632706  
54093663.7154    -8.89536736254    0.9207831474    0.189258000742    0.00372466954348    1.04449765738    5.61259918598    -0.853991290432    3.35308289695    0.837064970064    1.23043912848    0.9955    -0.751616574907    4.04570904149    9.75428332528e-23    0.0    19.71925649    19.6118520121    27.8113972296  
61312481.7257    -9.18387655003    0.470402227876    0.0255860672328    0.00667330808078    1.57174178067    4.55582836977    0.998764584864    3.62226069157    0.277216957177    3.20797202296    0.9734    0.552958026239    0.0519110362104    1.35752182837e-22    0.0    17.2303140693    17.3113674687    24.4247244931  
47505807.7494    -9.57434459066    -0.0814770277689    0.144167983647    0.0106100890907    0.238740523502    2.06673425095    -0.353972300945    2.06485497347    0.00569629598908    5.49999585549    0.9865    0.218372922933    0.683124475391    3.02625159096e-22    0.0    38.9610100729    40.4486161956    56.1609371186  
38382469.6663    -9.2521604239    1.92642968557    0.0387116262329    0.00154392481814    0.602116161959    4.7107918415    0.204457696339    4.36861849436    0.39134833007    2.04914094722    0.9804    -0.0723960249397    4.26401811774    1.50200422213e-22    0.0    24.3082841378    23.3605189896    33.7135955541  
47330682.754    -9.68635857492    -0.165859990922    0.0145510893991    0.0126863093453    5.13021277085    3.75712186952    -0.427245159481    3.5676142155    0.134487580367    1.88751305038    0.9965    -0.72728388792    4.50497916724    4.59069440632e-22    0.0    52.1515995194    54.9386077978    75.7498512156  
39306182.0553    -9.00573698794    0.372001320299    0.0500406801023    0.00725479706277    1.92197635027    3.17855070743    0.698761431104    3.79156703715    0.867421397908    3.88232895484    0.9972    -0.219175374821    5.99136457779    1.09012856429e-22    0.0    15.6215609428    15.8585469109    22.2604284868  
53015893.5767    -9.59330691332    -0.139353038509    0.182847790934    0.0108247860538    1.13358144077    1.37522473502    -0.837198114332    0.201418052516    0.583958369705    3.6324342115    0.9838    -0.416259538723    3.8049768326    3.21356900863e-22    0.0    24.7291987868    22.3948891387    33.3626187847  
9347411.37178    -9.24857178065    0.431726208805    0.0336424549794    0.00690390026316    0.605970064991    3.97906958164    -0.670641245103    2.79349099288    0.848315788191    1.82595379671    0.9713    -0.27515328847    2.54732876981    1.49360802181e-22    0.0    15.8810791194    13.7760156713    21.0234935673  
43496740.637    -9.36042977067    0.729958623846    0.0524190476584    0.00506406692239    3.83201538305    2.0502521829    -0.593503903603    3.65949028186    0.755813963393    3.19654145122    0.9759    0.966832878356    1.38457218251    1.80982167186e-22    0.0    24.2751360344    27.2935795475    36.5269997948  
21227861.5105    -9.25077470682    1.02773488979    0.00122255394504    0.00387246294506    3.5159730389    4.20410307927    0.211486502903    1.70097946905    0.775745951846    4.10739767596    0.9837    0.833252921989    4.20084831398    1.49884402345e-22    0.0    19.5674596845    17.3498912316    26.1515621761  
52218211.3948    -9.1464969394    0.881491399101    0.128618146134    0.00410726532159    0.61735293272    3.82666714313    -0.476717318291    2.99643251401    0.464789031056    4.66814622865    0.9795    0.420883457778    5.53649402321    1.29016051207e-22    0.0    22.1196916893    21.8056401196    31.0606938341  
22718427.4954    -9.18984240847    0.796699398351    0.0235139660065    0.00482108436289    1.3363617201    3.01960501429    -0.623601517455    5.42757986873    0.746040702954    6.07013295727    0.9718    -0.187666887944    5.35562302043    1.36908320068e-22    0.0    16.9471423474    17.9252541711    24.6682056673  
15956323.7404    -8.99543379388    1.47764424309    0.0892286781657    0.00233646850975    4.47121211449    0.624007195828    0.494080187512    3.17985881774    0.271158409578    6.12492120306    0.9713    -0.565170543294    1.62796545142    1.07810313741e-22    0.0    16.6913468043    14.6844534974    22.2313794592  
15949738.6979    -9.18076344615    0.0938190499233    0.0341608920147    0.00967634798725    3.24027223265    5.55188915891    0.286016952623    3.09109785492    0.713791000333    0.70491433402    0.9876    0.160742567795    3.41341670913    1.35174811099e-22    0.0    15.7532938435    14.2947205802    21.272172042  
46106388.7835    -9.48853893033    0.396458873897    0.179437512477    0.00635696308472    5.55593725235    4.45647891996    0.510430494545    4.5111993633    0.694263676376    4.95262711442    0.9908    -0.758126260468    0.332648878746    2.3876598517e-22    0.0    39.1200673794    38.9928441501    55.2342427004  
16863263.7927    -9.48490256268    0.12401528889    0.0633267391461    0.00921527471418    5.49186462612    0.734690336668    -0.100974634312    4.82768526691    0.995123248946    3.53018782553    0.985    0.328502994636    3.50326394508    2.36602344758e-22    0.0    16.0728055836    12.9237506519    20.6242190214  
20600235.5951    -9.28430847232    1.33889811272    0.193446026129    0.00244097893991    2.40519235761    2.0083979492    -0.421653076551    5.07620092511    -0.375006395266    3.99139999774    0.9895    0.225280319935    6.13258006085    1.5818273831e-22    0.0    19.2861619745    20.9690448012    28.4895925486  
14749108.5777    -9.11739718797    1.5239998193    0.0864982878346    0.00223521335469    2.98786994916    5.57640869673    0.460688830191    2.02154915932    -0.492102838791    4.83147764745    0.9834    -0.950010801394    5.05502842745    1.24244371582e-22    0.0    14.3184145522    14.2677844464    20.2135268644  
26548868.5553    -9.4361988252    0.436825536537    0.125682425578    0.00642354221542    2.38497495321    0.420174636607    0.0729441183338    3.56641133621    0.801378546018    2.21471641752    0.9729    0.65635329075    5.924198239    2.11273585704e-22    0.0    26.0347563409    26.0389874526    36.8216974797  
36484807.8441    -9.27901885406    1.9414783041    0.0394838005189    0.00152014740842    3.04933458139    1.45713536571    -0.933504307327    0.815636185485    -0.996457891607    3.58785178382    0.9875    0.928199339938    1.12954766939    1.56805983619e-22    0.0    33.5426042641    34.8030804378    48.3359153092  
31492749.7281    -9.20149132921    0.925047651268    0.168215998126    0.00378974896026    3.12182394517    2.94215314891    -0.63194520712    2.99562884538    0.874932461319    2.03466628258    0.987    -0.950832943384    4.31087152187    1.39206783911e-22    0.0    21.179450697    20.3218627807    29.3521249436  
9667092.68597    -8.65290693415    1.50863133974    0.138064730252    0.0021754767695    5.47890789078    0.53978875036    -0.487448543476    1.27678886865    -0.919538148827    0.63094227061    0.9877    0.171745498238    5.00860761462    8.01264635508e-23    0.0    15.8375013943    15.9627584476    22.48635381  
22084396.2351    -9.32650151148    0.422413513747    0.0377813453757    0.00695117083406    3.41822976953    2.96053359567    0.864735602783    3.4288992044    -0.23031723852    5.3055320002    0.9867    -0.935047976691    3.5378474108    1.70050280758e-22    0.0    15.5500020026    15.9898646358    22.3042223212  
37964964.5688    -9.01813692871    0.722488790181    0.123114282463    0.00483805552797    5.68985651209    4.72073023524    -0.0339950427144    4.60330857159    0.555443597286    1.4822355754    0.9761    -0.413344590382    3.94350120634    1.10493470406e-22    0.0    16.22567258    14.9011618159    22.0299131668  
37373410.355    -9.02777477029    0.839032611696    0.0388988870777    0.00457959498783    2.19223693829    1.62765052589    0.425894960974    5.72896592138    -0.383426654041    3.64657820959    0.9816    -0.75549111253    5.98403307135    1.1168597959e-22    0.0    14.0779516186    14.5197580028    20.2240474247  
26973738.5811    -9.52106857362    0.829972453421    0.122766386136    0.00434630738373    0.646540387489    2.36740984421    0.331997487081    6.04221475512    0.220372484721    0.946229488355    0.9955    -0.828214637996    1.77641493264    2.59642617229e-22    0.0    42.2565145004    41.5734300749    59.2786901502  
22823173.9952    -8.98013622384    0.505132808237    0.177655582836    0.0057127678654    6.09167028611    2.39931348402    0.184999308522    0.563880147052    0.240126660283    2.48027318496    0.9685    0.611717990195    5.16557431664    1.06080626366e-22    0.0    15.5621788318    15.6192671401    22.0486488472  
53307248.2328    -9.18622977479    1.96634112313    0.159419731335    0.00134934457507    4.84750585978    0.690019338812    -0.303517828278    0.500788607201    0.719718192655    2.9446290727    0.9741    -0.924832503236    4.53723811561    1.36202261775e-22    0.0    18.8965882688    19.1319845165    26.8907768526  
13707331.863    -8.79962918236    1.23826027204    0.0410638628111    0.00306808798041    2.51949220247    3.51689862658    0.394011795272    5.887140927    0.784628285107    2.72323055397    0.9778    -0.243143126632    0.0135181235837    8.96368780101e-23    0.0    15.2151341345    14.7574183757    21.1962662713  
30652518.2449    -8.92613902121    0.915800441775    0.00169063250571    0.00433009378631    5.79540206754    5.75805428803    -0.69473922879    5.04850004327    0.193370496529    5.82653877204    0.9977    0.0267171552476    2.08825305291    1.00454743973e-22    0.0    14.8571578785    15.2079202977    21.2606674404  
12699383.2852    -9.1726670072    0.547235445859    0.153618626007    0.00560844649497    2.79798197702    2.66886716499    0.455932458716    5.9242562527    0.312473993858    1.8483608879    0.9876    -0.985363458676    1.86169457734    1.33664741374e-22    0.0    15.9812212312    15.0457844387    21.9493749664  
39642941.5743    -8.84033005227    1.46604082397    0.0447055677629    0.00243758899038    3.8336997016    4.14868103113    -0.381269268854    2.0691149362    0.332352082302    2.32385565541    0.9675    0.611128487548    1.84037042218    9.28047926837e-23    0.0    13.752477034    14.8366564912    20.2301013445  
44521046.4395    -8.857937289    0.710224806423    0.00616516194545    0.0053062096644    2.59976732716    3.45098840571    -0.604419769743    1.64069708595    0.413592487167    5.49900092563    0.977    0.200010918274    1.66463341048    9.42604657045e-23    0.0    14.517529607    14.5576194068    20.5592545751  
45145510.219    -8.88981109567    1.58741159447    0.097590491091    0.00208018057582    2.08946901818    0.124812326581    0.0293640790188    1.92106491754    -0.421776446158    1.56222273403    0.9785    -0.00777576893583    3.40978055394    9.70368764097e-23    0.0    18.461958132    18.1155095355    25.8653355632  
61764705.3269    -9.42289105208    0.277899944708    0.0521217155819    0.00795993991973    4.7858081707    3.30034303858    -0.245057805115    5.34635604394    0.0201949538375    2.66891322556    0.968    0.352453542481    1.71614942943    2.05237500908e-22    0.0    23.368644094    24.459567322    33.8284489797  
31671114.7685    -9.20481667826    0.907906791663    0.0180534107842    0.00432686644609    0.69607669532    3.80475489212    -0.527778349531    0.0894326801753    -0.930803027435    3.52571741859    0.9838    0.460705454656    0.32591020525    1.398749563e-22    0.0    21.1115042369    19.8301041527    28.9642649113  
25098602.4276    -9.34261874964    1.39295398794    0.00305164962157    0.0026851752681    1.33634054498    1.94311306338    0.639766921194    2.79637423114    0.609473501623    1.61358060526    0.9967    0.0038507441787    1.52273966574    1.75064666784e-22    0.0    25.5606697209    23.3063587178    34.5909553679  
32412881.5852    -9.01594465762    0.797442750216    0.1028817979    0.0045642587914    2.12458360066    5.4959969904    0.507281486076    1.16542407614    -0.559186045261    0.274214547386    0.9939    -0.496561543728    1.7114992244    1.10233229011e-22    0.0    13.7969628865    15.0338741543    20.4052335684  
28114820.3216    -9.17489888599    0.90282529052    0.0897890573803    0.00414969896911    2.98566485548    0.479314084857    0.614784806755    0.560555324824    0.849109069478    3.55944250388    0.9949    0.949520387209    2.79258231368    1.34068381639e-22    0.0    19.7410488461    19.0154059628    27.4097550787  
33508458.6607    -9.20618916021    0.136549854609    0.0923438918326    0.00891172325469    6.09546731726    6.21502459394    -0.551652291901    3.70753449682    -0.306775837841    4.98110411225    0.9844    0.593405331254    5.4276186145    1.40144615787e-22    0.0    14.52691269    14.6027372275    20.5978427715  
26912486.1045    -9.15163929165    0.872204393678    0.0252514370986    0.00446605281239    5.83640981891    4.90686539859    0.997020756775    5.895977029    0.203759371885    3.53929564121    0.9872    -0.364768584044    4.05559533113    1.29903046342e-22    0.0    18.2186134412    18.7423492928    26.1379710906  
19421946.6339    -9.03485794449    1.71476056215    0.183888768372    0.00169323657396    4.78761705786    5.12628884714    0.0847086719407    5.10436592589    0.800720088038    5.59297121752    0.9797    0.552020351076    5.22528559906    1.12576399471e-22    0.0    19.1455535934    18.4044339661    26.5570218965  
57716813.8044    -8.85977415507    1.18087840144    0.138098667296    0.00301913458723    3.82234082612    4.82797476225    0.526204725257    6.21266959599    0.842062826889    4.97179913325    0.9906    0.0291143707571    5.37347145527    9.44146071911e-23    0.0    14.2960132499    14.4925289658    20.3570476903  
45198312.7287    -9.64565392654    0.0986559284996    0.150198575452    0.00881166416773    3.31686855279    5.76993130478    -0.831743159745    0.348760589309    0.0315910698084    1.74146839162    0.9839    0.991300357673    0.475591768183    3.8705829305e-22    0.0    36.8263243195    36.1785614393    51.6242817935  
62207666.0702    -9.43638405041    0.28351840265    0.153017724693    0.00730500471205    2.47384827081    0.188515550197    -0.486857020126    0.0937947637404    0.0781166604249    6.00668229526    0.9929    0.79009336975    2.76130269795    2.11372724973e-22    0.0    20.5468432151    20.073059106    28.7245621025  
36262763.9514    -9.13272957037    0.522470241573    0.166452099874    0.00567813897443    1.47472956811    2.23277495053    0.963675246141    4.59096174902    0.770162787858    4.4002097762    0.9927    0.896847008057    4.49550529302    1.26717446575e-22    0.0    18.5975591052    18.549812167    26.2671798277  
54612937.5401    -8.89317701714    1.58312463897    0.179523458664    0.00194021080825    5.09339944141    3.74699048866    0.687209524579    5.41964574373    -0.473626328986    6.01494288446    0.9686    -0.338598085832    3.57623811381    9.73401966698e-23    0.0    15.9664589149    14.90897028    21.8450270105  
13875233.244    -9.22176079397    0.124892615516    0.113767347492    0.00886378201974    3.23042994123    3.12425790837    -0.0757124743856    2.80373372191    -0.25089398898    3.03521358066    0.9712    0.639629836207    4.03201358973    1.43386028815e-22    0.0    15.4688896135    14.593935047    21.2666284594  
8610056.62271    -9.15517549485    1.71233536855    0.0564569387898    0.00189108130685    5.48106320692    5.90075906872    0.306244965569    4.45646436641    -0.548696002357    0.980583053851    0.9904    0.196487109908    3.09562733044    1.30512447296e-22    0.0    24.246874157    23.6222495796    33.8514635073  
39386710.2242    -9.43632230486    0.436702056881    0.169279127833    0.00616931703246    1.20234829694    4.44508486077    0.00395786255438    5.27001969303    -0.600801749854    4.63247225215    0.9667    0.925094854422    2.35165533606    2.11333901476e-22    0.0    21.5008765714    24.3360345339    32.4735318402  
12282563.3698    -9.03382529193    1.37201726033    0.10349329509    0.00256817288728    4.50707586852    6.21656406155    -0.248932513181    1.05550866315    0.411952986234    3.24263306462    0.9725    -0.140521367849    0.267594224082    1.12444552598e-22    0.0    17.4102520045    17.9667050838    25.0183805717  
53820480.3675    -9.18042876612    0.98755674603    0.0891369778823    0.00381445333178    5.99235960879    4.14684848811    0.111631335043    3.97184661643    -0.0381943807083    3.55618844046    0.9743    0.275760667172    2.62731275219    1.35105086799e-22    0.0    25.903786842    28.1352110132    38.2439050244  
44829757.2947    -9.46069698825    -0.349367775269    0.0579822434924    0.0148476389413    2.01591943605    5.46518164427    0.900654104345    2.95685203007    0.79347414524    0.340931102269    0.995    0.573896204213    2.37247370087    2.23312812872e-22    0.0    23.9287568823    25.0997260008    34.6782590573  
32765136.6249    -9.23641527683    1.00018727109    0.112091858535    0.00369899516449    3.01720193285    1.45754964187    0.345886466114    5.07074167616    -0.883369542603    0.622962120555    0.9919    0.20387427257    4.9322803185    1.4659365869e-22    0.0    27.5134254351    27.3766423626    38.8132596701  
46535179.7215    -9.16831258911    0.555734517115    0.0373209504961    0.00608525357265    5.52469609056    5.2680761914    -0.804245697581    1.66481302807    0.542992242079    2.17869216858    0.99    0.2830614938    6.06068227601    1.32857454868e-22    0.0    20.6777959366    21.6206293506    29.9169326353  
57607303.674    -9.32440148308    1.10999312434    0.0993662229236    0.00334840387445    5.50477003811    3.5699660579    0.327473406858    5.38152718775    0.0582633127661    5.56763274186    0.9683    0.577110531464    4.72629381307    1.69402037558e-22    0.0    23.8790908897    25.7008540161    35.0819737027  
50743254.1176    -9.74219802557    2.07121479404    0.0431502973142    0.00133216738788    0.115784768013    2.39897344967    -0.129084782887    3.75902175305    0.753122993995    5.95520798348    0.9976    0.361616927137    0.0565032851041    6.12451075112e-22    0.0    138.107475081    149.035480803    203.187719145  
48335539.4391    -9.10211951514    0.486075070596    0.122456592288    0.00613180093415    5.97235505945    5.97413546213    -0.250965334484    2.05548608627    0.554778176244    1.67297396789    0.9845    0.987820081875    5.44304485007    1.21892972734e-22    0.0    18.463333261    18.1150719752    25.866010666  
31836590.7531    -9.06017893152    0.464694564163    0.112915562539    0.00631466921757    5.15220022478    0.528370548386    0.540124922438    3.41055148029    0.949643552392    2.84298254565    0.9944    -0.580682270802    6.14583055193    1.15886236661e-22    0.0    21.9200174106    22.0892995547    31.1195166752  
49029631.407    -9.5759762017    -0.611321659147    0.0972428970531    0.018754971191    5.76202921221    3.56605853956    -0.946713699677    6.13311326121    0.924604613187    1.99992120404    0.9794    0.449738308285    5.87661665309    3.04149551818e-22    0.0    16.8643456579    15.3759034335    22.8215810335  
38492971.8904    -9.08481008448    0.429701778278    0.168880679182    0.00621512023533    1.74041012558    6.26938128161    -0.394361583508    5.64434999386    0.116530963971    4.04182748686    0.9962    -0.919319815109    3.24068217637    1.19330822064e-22    0.0    14.721659968    15.7590676708    21.5656088731  
41451581.9756    -8.89278254689    1.35418163395    0.0471161704584    0.00272195063299    1.46847659417    1.71664337329    0.813174336777    5.19293828954    -0.977781598749    4.82561744139    0.9791    0.757314904926    3.94061090847    9.73047696136e-23    0.0    18.3055887433    17.9088694908    25.609025473  
34820421.6333    -8.69728818133    1.76358615465    0.130668551971    0.00169701164315    6.13423863882    2.66828915259    -0.259610898223    6.03637229928    -0.503464324    4.25171217273    0.9807    0.281329107619    4.56883345249    8.27273043835e-23    0.0    14.763070351    14.9208540802    20.9900007783  
55251972.4485    -9.56636685764    0.246790291683    0.12833639995    0.00775008682844    5.70285529693    2.06366472754    -0.61229200241    5.02803701292    0.218713960235    0.326484145397    0.9797    0.359883105703    2.66018501508    2.95332199511e-22    0.0    35.4002727859    35.477697138    50.1183230719  
44016599.4979    -8.91050709395    1.39287042167    0.0298629906397    0.00264632695702    5.05839043163    5.43235289549    0.439771219417    4.3433994013    0.966364265247    4.65896909691    0.9846    -0.304566162199    3.70903116446    9.89504509431e-23    0.0    17.2002025844    17.7004268259    24.6810064375  
58822484.2338    -9.32351857826    0.293918838155    0.0776484268799    0.00769767704317    3.82135891996    1.51344552993    -0.153829565134    1.39840289069    0.767797486179    5.16345789035    0.9897    0.966578325101    2.55828995991    1.69131897132e-22    0.0    21.4091721493    20.6750276067    29.7625506074  
46736373.7333    -9.35001093407    -0.207366563833    0.0696857394663    0.0127797172121    5.72340122237    1.99063860178    0.89331928484    4.59429626482    0.0513737018446    3.50989095696    0.9746    -0.853749965203    5.34351789191    1.77469180536e-22    0.0    18.9831417905    18.6167422792    26.5883953132  
6639234.74482    -8.70563834236    1.72438135337    0.000154519497787    0.00193050255804    5.29299648255    2.87107596944    -0.775336608807    0.453471652748    0.0969438329097    3.48690848764    0.9704    -0.540739253089    2.42775900521    8.32415189314e-23    0.0    15.156046247    15.0358444876    21.3490598692  
26079593.9894    -9.01647198751    0.848032809382    0.122839183405    0.00426825062799    1.74556507062    6.22055881595    -0.488549484219    5.15386680903    0.995997547791    0.725922400517    0.9879    0.822317040248    2.48493916652    1.10289475134e-22    0.0    22.5229459971    23.0582617434    32.2330037542  
59502070.0108    -9.03609853683    1.50674782846    0.0777405679736    0.0022887895472    1.3145731241    1.50666176995    0.00808017912447    2.82920296341    0.578995655908    3.90650873925    0.9727    -0.528432706912    4.67441819664    1.12732748524e-22    0.0    18.7891883284    18.0882239736    26.0809785967  
4969360.92655    -9.38552308163    1.35465482613    0.00710734541509    0.00278419543491    1.4682252963    2.35680052496    -0.731525454748    0.931538050102    -0.600961617449    3.35371965878    0.9832    -0.776796026905    3.59324460344    1.89993909459e-22    0.0    28.93254174    27.6954580888    40.0515963513  
34956542.5072    -9.28102561435    0.429436239829    0.199437102237    0.00602174540591    4.37327994251    4.3847744103    -0.405194485139    0.698141797144    -0.646512113687    4.98489222395    0.9719    -0.746906736591    4.8743655628    1.57312905625e-22    0.0    16.7494089917    16.5132240324    23.5208262932  
50068334.8863    -8.97486802177    1.35222612031    0.11422531653    0.00259675022266    1.389924244    3.91930309377    -0.51053727233    3.80502489537    -0.277320094799    0.58463295075    0.9827    0.796218743413    1.51725363559    1.05496275555e-22    0.0    16.2212276209    16.8262847911    23.3720363983  
32484006.2721    -9.31162052963    0.507293082422    0.161049741116    0.00579554276218    3.31795645631    2.08817437436    -0.356514201991    1.20743138976    0.361984909864    4.81593573853    0.9816    -0.414843903062    0.466078246983    1.65662901449e-22    0.0    18.3976076006    16.9254765255    24.9988743955  
32992319.1152    -9.20977629951    1.35954979435    0.173979415619    0.00244006296907    2.67890267798    5.5411134921    -0.904208771106    0.904681576947    0.834374124714    3.63416724462    0.9734    -0.757931130436    0.567821116596    1.40877249837e-22    0.0    27.4136321496    27.4818203395    38.8169766572  
22902590.1758    -9.16717976542    0.376114410999    0.0335347533342    0.00729918300464    4.34482081049    1.26597267104    0.485759831245    6.04071381021    -0.338764717625    5.62637835954    0.9872    -0.988827582413    1.26789726071    1.32660160703e-22    0.0    17.6756143393    18.0926705978    25.2937160503  
7486619.99305    -8.93567425436    1.16530603159    0.157906291892    0.00301051680253    5.28536270354    0.393578065968    0.565616570248    3.33350565775    0.746173868101    0.480483859508    0.9839    0.497110246484    2.5012913711    1.01393486096e-22    0.0    15.4339226863    15.9314246349    22.1814395471  
62307152.9608    -8.9100692496    0.87177274246    0.0353801643925    0.00444153871539    4.50833187553    1.00064610046    0.7590741764    1.23486634638    0.857862883562    5.42751827083    0.9892    0.82506147019    0.680426804508    9.89042225051e-23    0.0    19.5010752011    19.2851950917    27.426459555  
18603194.0832    -9.40298689678    1.94576425106    0.103309539338    0.00144714717226    1.87625143531    2.48372398788    -0.796848158651    0.995090025658    0.914105486982    2.90427591695    0.9906    -0.687062960815    1.23992349786    1.96850144512e-22    0.0    41.0578239104    43.0629797127    59.4992867687  
10781311.851    -8.86199676407    1.16714286697    0.193997632606    0.00289667133234    1.43858200241    3.88976875732    0.515269888361    5.11239026535    0.792316366191    4.45947258526    0.989    -0.157807811532    1.74396430501    9.4605143893e-23    0.0    17.3650661491    17.7655932707    24.8427419305  
60504635.4696    -9.04474256688    1.5199783568    0.0434663213928    0.00231138466737    5.79853947538    3.88056871764    0.660024949021    3.55057241815    0.546765551242    3.48384120912    0.9748    0.376131367962    3.62155007478    1.13845475358e-22    0.0    14.6873863617    15.5904155685    21.419159081  
60001680.9619    -9.10220792465    1.06784991408    0.149574383832    0.00334500002436    0.427658942731    1.14089983633    -0.408373230641    6.18584095581    0.749162183049    4.65472316587    0.9736    0.589160065964    5.71749682336    1.21904157469e-22    0.0    19.2041213292    17.422540444    25.9295813994  
58739317.333    -9.3445884174    0.316828374295    0.18813295307    0.00682179430459    3.87036755475    0.227567670967    -0.0455008056999    4.59919293373    0.775556603339    0.0214323292266    0.9777    0.0933287855347    4.25682059379    1.75710389646e-22    0.0    31.705273751    30.2041643987    43.7894499925  
48269075.2482    -9.06886353272    1.3878661501    0.17172387827    0.00237733345727    2.76699046677    4.68342608946    -0.216661420321    4.59693791529    0.391072239677    1.54147376726    0.9906    0.799540402756    5.51002673775    1.1707616953e-22    0.0    20.9702138648    17.6402398487    27.4030642713  
58124909.0233    -8.89052630097    1.16048788846    0.00754453355303    0.00338007604066    5.43349974408    0.856729648187    0.841471866296    1.8510003122    0.866374580121    1.36903235375    0.9839    -0.947586637891    3.36344487356    9.70998240029e-23    0.0    18.8826072921    18.9723082685    26.7675426437  
26211002.1224    -9.46475430331    0.638068050712    0.00587422669888    0.00570409852406    0.45228853662    2.8085619771    0.90837663182    2.45165051921    -0.260754514985    2.157266494    0.9695    -0.0504741743908    1.7466476948    2.25457205979e-22    0.0    33.1188588494    32.3066932181    46.2664158777  
43396000.9618    -9.01533654538    0.950942512626    0.0291534811349    0.0041186057539    4.64554178921    0.266516195809    -0.637895612937    5.90496070314    0.311048753387    3.8817913173    0.9925    -0.0437329220724    2.34098224378    1.10156219913e-22    0.0    13.7993154344    15.2230908599    20.5466202034  
55003564.6735    -9.4764473537    0.365492109288    0.0272307436793    0.00740444330252    3.08840108475    0.460592441027    0.295812517835    1.75853672951    0.749758027508    4.08209185428    0.9672    -0.0609067985927    2.17510828271    2.31828268936e-22    0.0    41.9445184906    40.5709411061    58.3553244669  
2085857.58705    -9.45880077379    1.09924265312    0.0796525900241    0.00343543128919    5.97050337971    2.89495892681    0.557977527194    4.35101076942    0.647269094155    1.54472440493    0.9772    0.423032945062    0.576229096435    2.22351520812e-22    0.0    16.1133367625    18.2074772508    24.3136144878  
54552268.5821    -9.51604091095    1.02012795757    0.073181095308    0.00373558662705    5.16508788887    1.95251919333    0.466812583752    3.22175639787    0.658479266111    1.94959557193    0.9733    -0.63423093927    3.7839911508    2.56168858373e-22    0.0    45.1019040798    38.6487905913    59.3962184469  
49087295.1121    -8.8308490616    1.08684545094    0.170220617025    0.00321718107252    0.0139261533243    1.35462739004    -0.310758379967    1.77331946369    -0.186112155415    2.66776762487    0.9741    -0.924392122973    4.60820212433    9.20407088366e-23    0.0    15.907689111    14.9023191159    21.7975615123  
14946308.5855    -9.32982635107    0.920821965919    0.100430267843    0.00404231664554    3.30194453529    2.89424948038    -0.756291680673    1.73773061391    0.805723704539    5.16236766928    0.9838    -0.868571500982    0.750493078409    1.71049445203e-22    0.0    34.7615240032    34.9670886665    49.3057891209  
26933212.4257    -9.23394109041    0.761350539765    0.136345442946    0.0046000720001    2.39334837058    4.30604772286    -0.412767123369    1.14781823257    -0.00640362943926    3.82894042793    0.9889    0.265628210454    0.885330253301    1.46049792665e-22    0.0    16.1052450008    16.8866743544    23.3353527354  
57881806.5648    -9.18637402983    1.11838503684    0.0145356795327    0.00351235488583    0.0596329346571    2.16456709729    -0.631638751688    0.794085329261    0.882990869952    5.14873895468    0.9978    0.101967611595    3.33647083064    1.3623854784e-22    0.0    18.9098513001    22.108642778    29.0925172798  
43083707.4076    -8.70650101402    1.60470529091    0.00213311245727    0.00217376506117    5.74273509111    6.05399447474    -0.230394754137    1.77121216941    0.231088509658    2.13234690183    0.9927    -0.0411617992222    2.93500228882    8.32951096242e-23    0.0    16.2545851802    16.026177314    22.8265174453  
50828159.7311    -9.33227161182    0.799563314371    0.0988584236739    0.00456907990971    2.47592214455    1.96040761428    -0.105819972163    1.46084572803    -0.857300880218    2.48569017217    0.9783    0.891104988223    1.37228441494    1.71793962623e-22    0.0    23.2988961499    20.9034072927    31.301613349  
36973847.1004    -9.33925117616    -0.55604033893    0.0250506413184    0.0186317000691    4.45889838414    5.29614236429    -0.364398533985    5.1752926141    0.520124169863    1.27153705124    0.9722    -0.70141224803    6.1202213204    1.74001826676e-22    0.0    15.8998413149    15.4537464423    22.1725784008  
52681306.1765    -8.87269242703    0.973621947634    0.0179582488519    0.00405187962631    5.07500466893    0.164022533537    0.109867218129    2.9652517224    0.826519543368    0.566666139993    0.9864    -0.104765768684    0.163011897399    9.55243644415e-23    0.0    17.6836131125    16.7401809723    24.3504380186  
54511448.1306    -9.08689758633    0.996583052911    0.0869627588786    0.00378636317133    5.01509644066    0.355919386421    -0.380309628931    4.4328344961    0.393096083618    3.3249313979    0.9759    -0.847989690694    4.95687427322    1.19627584139e-22    0.0    20.5660166834    19.7069006919    28.4837317973  
26754931.7482    -9.2735996421    1.18497210878    0.115249891462    0.00306688984225    3.38151967535    1.45918323512    -0.138225277289    4.49950326005    -0.728893037526    2.99797860729    0.9698    0.550196363424    1.30581089697    1.55422647244e-22    0.0    32.9147384337    31.8215404355    45.7819881814  
44921780.4981    -9.45571133531    1.43850951517    0.151845825461    0.00230406475273    5.5119487026    2.36757438464    -0.288149845034    3.21020463816    -0.81637361861    2.25837358418    0.9704    0.539065672294    5.26282504852    2.20746691542e-22    0.0    40.4303958432    37.2836846085    54.9971821644  
61593872.2425    -9.04884127609    2.27527221126    0.140806123302    0.0010081607928    1.93709674584    4.95738678548    0.653618032447    3.40013604928    -0.131025843315    0.401003749112    0.9848    -0.78883310026    3.94907165878    1.14375815091e-22    0.0    15.6703280553    15.7586162609    22.2237073374  
31478903.2232    -9.25916967797    1.51692855724    0.169840266902    0.00209342648593    2.24261499044    0.592960039004    0.652424354604    1.51526580116    0.671474147562    0.811595696641    0.9959    0.0169671376301    4.79166370264    1.51866223558e-22    0.0    30.0942659094    30.7088416959    42.9964858904  
31815752.907    -9.10895002161    1.21653231091    0.174367432466    0.00281411796038    5.04998263477    1.87097720201    0.706582544342    1.4416613406    0.851372547975    3.29631319943    0.9768    -0.234943577917    3.43169548073    1.22926155966e-22    0.0    18.865880176    19.4018403722    27.062018488  
23687935.3069    -9.33690060422    0.487539212057    0.107460859412    0.00619961231915    3.12763016634    1.04495029763    -0.936603699326    6.21671371803    -0.1600128525    5.20176157667    0.975    0.43496428005    4.29518458474    1.73260547781e-22    0.0    16.8611204519    17.2927589849    24.1523683353  
40867915.6838    -8.82889633053    1.85532875947    0.0892487726944    0.00160150035112    5.58594380445    4.58584791282    0.00500706523624    3.8277961765    0.720550793843    5.60650206681    0.9839    0.135870151796    6.01807934001    9.18864868384e-23    0.0    13.9452283276    14.4597387688    20.0886395351  
31998467.2757    -9.06187586048    1.39301175426    0.100754373654    0.00252028644442    4.27061853038    2.92873003137    0.819869022094    4.60363643094    0.148247867253    0.276497145003    0.9801    0.664468000808    6.28238594757    1.16121239642e-22    0.0    15.1947611952    15.0622287774    21.3951280324  
8374706.43701    -9.26134426721    0.0859999178009    0.0942387891715    0.00936017234139    5.98447127143    3.05863126608    -0.191735125425    4.56606356941    -0.127356852688    2.27970342401    0.9929    0.638486506391    6.07928207727    1.52386736044e-22    0.0    14.9944985809    13.5456086869    20.2068924477  
48390416.2882    -9.19526168917    0.925751087087    0.0428514011989    0.00418897847601    0.0947745977819    2.27039084702    0.617881454378    1.02168277381    0.944705819359    3.08833801197    0.9697    0.38859643863    0.1446044745    1.37956788564e-22    0.0    21.9368060375    21.7591610468    30.8979699751  
43871108.5046    -9.29481159449    1.75874814443    0.102363902111    0.00174606077111    5.33385002038    0.367426517026    0.190171079375    0.782465974579    -0.888838304909    4.39751879294    0.9885    0.87814034283    2.03129994765    1.60969007064e-22    0.0    20.9275762757    24.5375896865    32.2499109518  
6433458.7383    -9.28590082934    0.953464820692    0.0201267419215    0.00412941880662    5.47606751113    5.61121756795    0.509873202993    5.00021366423    0.495140315556    1.58526241503    0.9683    -0.662299324514    2.39874509036    1.58578815104e-22    0.0    15.4767182547    17.0103214427    22.9973877543  
29810383.4467    -8.63241429933    1.81855892075    0.169265467751    0.00154920962721    4.72117898847    6.24488429146    -0.552361338983    5.2065954588    -0.247116833684    5.57783093715    0.998    -0.911892328227    1.45804073984    7.89928918377e-23    0.0    14.9851771214    15.0431854486    21.2332984202  
61019774.0436    -9.37049571514    0.259375660775    0.178874480711    0.00729516844451    2.98146292765    3.01187983061    -0.731388523249    3.18148918983    0.742969679073    6.10348712669    0.9698    0.399424161015    5.88341142052    1.84492563272e-22    0.0    25.4582762832    24.8579935637    35.5815074909  
23445511.6753    -9.00826909275    0.681930012611    0.0326808157874    0.00537873943171    2.24374862964    2.04957967189    0.56686103538    0.304685443661    0.388862251544    3.26008806165    0.9719    -0.756554959278    5.4230161172    1.09312936272e-22    0.0    17.9613592221    18.5801646731    25.8424639766  
37170739.3575    -8.90813772692    1.33214895715    0.0590844105096    0.00276099019959    1.54227450159    1.71363655296    -0.416956702093    5.45097367411    -0.52524557229    3.13368070067    0.9828    0.650864475    2.56925214776    9.87269919115e-23    0.0    14.4822673374    14.5125283061    20.5024277847  
38298782.8013    -9.27380954974    0.028403967442    0.0671598299137    0.0101132304404    1.70453903226    0.312090391082    0.538876525728    4.14000975973    0.702352022898    2.24986424889    0.9721    0.501093873342    3.3843106253    1.55472161903e-22    0.0    22.8003517688    22.7039805644    32.1764941261  
42282546.4464    -8.98338902392    1.32206081828    0.185237020702    0.00250411074368    1.27470510385    1.93500632189    -0.427024046089    1.40322199258    0.763423058598    0.529547002555    0.9778    -0.228344161061    5.14955146673    1.06438672057e-22    0.0    21.7554598409    20.9808748903    30.2241152733  
5638100.42878    -8.8269138363    1.71224839284    0.191328285501    0.00168423794011    4.29011247889    1.88576095868    -0.453338831355    0.861449274048    -0.153790894127    6.03238309172    0.97    -0.535534571335    2.34505405538    9.17293743852e-23    0.0    15.4222290549    15.1630280169    21.6278192997  
41839227.0153    -9.38675623602    0.46761718647    0.0783648622598    0.00646693600235    0.429429129803    0.832445603947    -0.542153865055    4.8281413615    0.903726803802    3.40130507394    0.9926    0.793881326947    2.74349736341    1.90469824523e-22    0.0    29.98342762    26.6506032386    40.1155902963  
37674488.6655    -9.1409212735    1.05354396722    0.0430839857375    0.0036859169843    1.84239216616    2.2611964813    0.63740587639    1.91615447344    -0.969822973229    3.03395623323    0.9931    -0.677814947033    6.21666483204    1.2806854693e-22    0.0    21.294783297    20.0090168338    29.2203448016  
55569919.7013    -9.00477406056    0.711904773361    0.00820149307811    0.00529169274286    1.57722829727    0.919760958113    0.141128175696    1.14490512804    0.456267698314    3.73669564165    0.9792    0.0736759721186    5.49684448374    1.08897808443e-22    0.0    18.5707401389    18.1806321543    25.9886085591  
40231937.4158    -8.97552989958    1.12406883531    0.152006409984    0.00315492329808    1.086916076    3.98791699781    -0.409610215135    1.67907187566    0.585823925783    2.47983016016    0.9701    0.222919146716    5.66269109859    1.05569592431e-22    0.0    18.6067333231    18.6171261059    26.3212444501  
52312109.0517    -9.20830057491    0.565482369322    0.127522227747    0.00563907516635    5.24688649844    3.40580802525    0.168305695166    2.47666323711    -0.473185906854    6.27503787224    0.9929    -0.337496093831    3.45412824142    1.40584115455e-22    0.0    16.1118674886    18.6764139666    24.6657801949  
54779792.405    -9.0886841181    1.61626423774    0.0342067318659    0.00211110604079    1.94179737027    4.39546296301    0.0991470700011    0.9869946684    0.956101611762    5.88777401539    0.991    -0.0450791386988    3.70607920395    1.19896848543e-22    0.0    31.9436783333    32.5797087173    45.6271411066  
28915304.7465    -8.88741887816    0.422393169833    0.0502233551455    0.00689746315453    4.73248734412    1.23678656134    0.513595450699    1.45957271411    0.224272374509    1.28383360335    0.9793    -0.737737245004    1.19335005096    9.68194217096e-23    0.0    14.9844533807    14.5944471236    20.9172591408  
21840352.3273    -9.21788231464    0.868591685224    0.0285709621324    0.00447364936703    2.44120191552    3.56939607122    0.0822922400615    1.39477758374    0.290162201367    1.90898051403    0.9869    0.15133217215    5.84134220817    1.42570496021e-22    0.0    24.6542579414    22.7257500049    33.5304659664  
58894442.4214    -9.10566200656    0.40010003285    0.0228906478377    0.00717032454317    1.55197792695    4.82194690762    0.879524323312    2.58617578609    -0.648797912113    3.91628769791    0.9863    -0.236557445096    1.364049251    1.22418498668e-22    0.0    13.850361772    14.6565404998    20.1654829011  
21358390.1775    -9.2136234066    0.109543634933    0.119665802888    0.00895659246024    5.28585938419    2.6095582067    -0.447390493445    2.39142398432    0.870391211861    2.56859740536    0.9776    -0.7232292618    2.88063795968    1.41674969338e-22    0.0    19.5122864192    19.405699944    27.5192752743  
