tPlunge     logmu     logM     ePlunge     nuPlunge     gamPlunge     phiPlunge     costhetaSky     phiSky     cosLambda     alpPlunge     SMBHspin     costhetaSpin     phiSpin     Zeta     SMBHQuad      SNRI     SNRII     SNR_tot   
44974086.7938    -9.25277691505    0.318148282486    0.0416921074718    0.00769659928876    2.7846353998    2.58140777391    0.750600850023    3.43898498415    0.415321617602    4.86050699594    0.9856    0.814617704562    6.0377562333    1.5034536211e-22    0.0    21.0478509426    20.6074766263    29.4564105452  
43215476.7687    -9.38946275685    0.869705124985    0.059515653373    0.00438304980552    2.29181164653    1.52139332322    -0.698185878637    3.88969177748    0.285086169151    6.27324041903    0.9677    -0.222833214149    0.760985883479    1.91500125286e-22    0.0    25.2366434243    27.6907873618    37.4655558619  
16294613.7185    -9.07792619541    1.28393698157    0.116857928631    0.00277418641379    3.98198492994    1.39802104989    -0.485812936237    2.97415358338    0.279714116473    4.15624620529    0.9918    0.8108608596    5.66557223593    1.18342295795e-22    0.0    17.4490643632    16.9256681742    24.3094238988  
53192691.2568    -9.12225637147    1.33217072625    0.140527103773    0.00258954592802    1.61236559243    2.0348629317    0.019668007323    2.55746381485    -0.549364644261    3.00118758065    0.995    -0.725265292411    5.82648883522    1.2500853023e-22    0.0    19.1924939947    21.5352216946    28.8464486406  
56066713.6883    -9.11932903483    -0.360295341083    0.0256667803656    0.0153139939262    0.13796018668    4.07469611931    0.135056869195    0.545078030418    -0.845020591159    2.72566783822    0.9952    0.0574829307546    1.24751690353    1.24551765801e-22    0.0    14.7084568196    14.9622284163    20.981110104  
21007519.1999    -9.32993736967    0.186646819677    0.0968568476906    0.00844682652356    4.17274032512    1.04888541113    -0.459917863342    1.65494918882    0.772898402996    5.37760577965    0.998    -0.34400982854    4.55837299754    1.71088161461e-22    0.0    20.5556952874    19.3129794041    28.20510206  
11756120.242    -9.23732570126    1.08815663126    0.00913230851976    0.003630600477    5.90276523683    4.36983202176    0.786797835376    5.99183166979    -0.226812537475    5.38497549429    0.9676    0.9603165863    2.24808906294    1.4679444908e-22    0.0    18.3924330873    18.0426404346    25.7646748228  
44603543.2883    -9.16769881699    1.23998580335    0.0437460830844    0.00305770543548    3.28261914474    0.858945782657    -0.0222595677357    3.54663988259    0.919338642969    1.95877212153    0.974    0.798492076351    2.53480510398    1.32752776482e-22    0.0    16.2371936277    16.746114549    23.3254969806  
28723783.6765    -9.07680502237    0.780331502226    0.00609071873513    0.00494713978344    1.33906294195    0.312311471363    -0.171440241816    2.17295834502    0.696491471171    0.457488364429    0.9903    -0.175160405168    1.22509797347    1.18192563579e-22    0.0    17.5835966488    18.3396840662    25.407221075  
18208985.7044    -9.23960539525    0.933676062621    0.131462260519    0.00388872429548    3.2629825381    0.376203480562    -0.183139586447    5.4580218201    0.463194520336    3.32067171648    0.9859    0.888276471915    0.495975262933    1.47317705811e-22    0.0    18.6376031521    21.7352706902    28.631839676  
40833660.6174    -9.14055372778    1.87225025499    0.186529150319    0.00144251703567    0.275731892288    2.28046174831    0.770259382106    5.29062562007    -0.773156812299    1.64081291828    0.998    0.482628566319    3.3325032004    1.28013299109e-22    0.0    17.2249895167    18.3869038019    25.1948108798  
57535628.2419    -8.93085802672    1.02528965688    0.0881605737021    0.00367590869908    5.47510216339    1.42384645798    -0.236767742597    2.8656296768    0.498784952391    5.19309054927    0.9788    -0.567729932334    6.12654417008    1.0091394127e-22    0.0    14.5185594642    14.3540491933    20.4163487715  
32383359.6865    -9.04787782434    -0.105788615702    0.0400057302956    0.0117723592358    0.181546302745    2.38470303626    0.24073588464    2.9936534784    -0.131818904465    2.81875736782    0.9744    0.255083006109    1.39128510123    1.14253740698e-22    0.0    15.0145518271    14.4827234377    20.8611132192  
50914530.1789    -9.15718179437    0.97787675095    0.00574652523777    0.00406105263164    1.30856474316    3.3585121894    0.474863229458    1.45776861209    0.00679627447456    2.95779968401    0.9907    -0.574071841526    6.11400947453    1.30868070785e-22    0.0    22.2939745106    20.071482694    29.9980952231  
58885059.1862    -9.21466169994    0.590206143051    0.14085932412    0.00543655398794    0.495087691231    2.33718930952    0.00116455309869    5.44935711913    -0.57949073722    0.698227184043    0.9672    0.65525303187    4.45932724067    1.41891226233e-22    0.0    18.3277333589    20.1092645316    27.2082401135  
58494117.533    -8.89457684867    0.904764790096    0.0386872524822    0.00428880233786    5.40976247124    5.82826771888    -0.141663994859    1.72924837389    -0.833163532524    2.78634815445    0.9857    -0.717485082487    1.40243806271    9.74714219667e-23    0.0    16.6760728692    15.7007356126    22.9042464429  
48435188.3104    -9.21298119341    2.4024093082    0.146188417616    0.000883429762979    2.11194896503    3.27506866041    -0.679760876918    1.72831659051    0.205423412352    4.29326736649    0.9762    -0.123395384079    2.50378376448    1.41550609804e-22    0.0    16.0492208933    16.3505529122    22.9110905855  
48371481.9413    -9.24469006578    1.23046029778    0.102933700842    0.00296002377278    4.22145301477    0.303354130519    -0.683678928949    0.0220376303173    0.0162956055012    5.35095725065    0.9731    0.53740044338    4.73640966126    1.48476105769e-22    0.0    26.8595283624    25.0654257267    36.7383972257  
7415135.65119    -9.09634564891    0.475040065646    0.113079607098    0.00624883157567    4.8193725573    3.56661412852    -0.587181290545    1.3570308876    -0.634996255757    3.73494303732    0.979    -0.923343182895    1.64037101096    1.21019563367e-22    0.0    14.6452977008    14.7516507153    20.7869176063  
45030025.8344    -8.76039464958    1.49232599399    0.144968138356    0.00219738101879    0.30764701953    3.00914642819    0.412696365984    0.165518401773    0.859298379098    6.23560121437    0.9756    0.0960234253579    3.06646129517    8.68233677287e-23    0.0    14.4350276026    14.4847535077    20.4494035626  
1256788.55948    -9.57151333169    1.65381925517    0.167249457617    0.00183031173181    0.169256951472    4.84560473273    -0.335154331964    0.854323705021    0.895073644032    0.797460110626    0.9719    0.567743780456    1.14959940744    3.00013574585e-22    0.0    20.397310015    20.3133978883    28.7868787751  
27454706.7964    -8.77501146259    1.58639119737    0.0309233712015    0.00217935770286    0.151915587395    5.67729807056    -0.299985808529    4.45832345426    0.542320278223    3.61620432426    0.9712    -0.394400511195    1.77311183289    8.78441426151e-23    0.0    15.8845524284    15.6689133591    22.3121906523  
53975161.6225    -9.40460061975    0.740589299979    0.0752986607856    0.00493294451282    4.57213971419    3.40073349877    0.412342126444    5.8202294111    0.741830753402    6.0180837982    0.9716    0.890319912123    1.05776001521    1.97507979308e-22    0.0    32.8163868357    33.2443145885    46.7129499968  
46895088.7069    -9.16069081615    0.393425510211    0.0554101615501    0.00707628217992    4.11589489119    3.70018811476    0.445986486198    0.23569910944    0.654783641387    6.12955472383    0.998    0.410154959916    1.94280545785    1.31489546003e-22    0.0    16.7568892142    17.032562153    23.893545355  
50907609.1792    -8.91493277005    1.93208508602    0.101665468722    0.00146899582129    1.00971038912    4.55220358431    -0.451493718614    6.15085368217    0.115438387925    3.06955874808    0.9688    -0.941232455189    2.15245793404    9.93706045036e-23    0.0    16.2871862243    14.2268458044    21.6258081155  
52106557.9176    -9.10939517831    0.663006214868    0.0928663519526    0.00526200145217    4.04235691976    3.83518882499    0.659932952342    4.47723849801    0.659983145885    0.18943990239    0.9957    -0.350677184968    4.74300142516    1.22998002364e-22    0.0    15.9403903228    17.2117796741    23.4593564105  
23848086.2622    -8.65898993612    0.985387725887    0.157802153575    0.00360430912034    5.53000860584    1.55199395826    -0.601562679259    4.09509125564    -0.942155324195    1.99837230155    0.9905    0.1631559852    0.701853811578    8.04698176245e-23    0.0    15.0029034068    15.003614815    21.2178125204  
23347361.9096    -8.81978922637    0.933730969047    0.123116347295    0.0039167763063    2.22613379228    5.16417837115    -0.59177031064    3.55318164193    0.676939319699    1.12506212874    0.9934    -0.262600941396    3.55926524294    9.11737862282e-23    0.0    15.7150694186    16.1215002504    22.5136886617  
50318878.621    -9.54866357957    -0.414999291191    0.122247077132    0.0151007073007    5.04537795022    1.4270100098    -0.421944233717    2.87258216068    0.248369189708    1.09101585858    0.9929    0.503504423023    4.97268026025    2.80316030747e-22    0.0    27.2846611364    26.8326330407    38.2680405721  
26128344.9119    -9.6694563212    -0.450826642887    0.0540541921711    0.0164757558628    0.499864194841    3.11711924008    0.475676908022    3.17551585039    -0.396869451526    0.611351307916    0.998    0.295690973122    0.774825017157    4.26271192702e-22    0.0    34.2294522653    31.0147774455    46.1906031827  
58842094.237    -8.92777143235    0.773480081456    0.118755079739    0.00461458416769    2.99422367725    3.35425984224    -0.0656199294244    2.4112713458    -0.865076912237    4.11992817858    0.9695    0.666256840165    2.51894590626    1.00614251675e-22    0.0    13.9360450834    15.1403128295    20.5777167135  
33697416.3816    -9.58231502852    0.239131427133    0.0151944199444    0.0084585959842    1.68828323456    0.0453884222681    -0.136068613288    5.22402552836    -0.825226819195    0.247629607975    0.9774    0.933174340086    5.75722819205    3.10263955937e-22    0.0    35.2313381625    35.2260320883    49.8208844302  
4966314.69677    -9.41276883334    1.36286888486    0.0169488658297    0.00274694279364    3.84767015722    3.66531926508    0.999713789382    5.13393992199    0.627077982476    0.0966373765123    0.9901    -0.228859775302    0.912646355865    2.00875289329e-22    0.0    19.9062413923    18.6583847034    27.2835805222  
40105528.0564    -8.94198152861    0.817525388044    0.117350214348    0.00442096000042    2.28219612993    1.27629727698    0.40333688316    3.88239900301    0.71623787906    4.25997354594    0.9826    0.772057054618    4.3407937508    1.02028619451e-22    0.0    18.8580265133    19.1182219228    26.8538930784  
52689992.3546    -9.36680269306    0.457867381727    0.0818260025723    0.00651384313887    1.38255427018    0.243531239214    0.66475370297    1.55163530888    0.747171654967    0.403931929567    0.9872    -0.361593251198    1.54979355239    1.83190876004e-22    0.0    24.9222633386    24.6326468366    35.041211453  
8767730.97352    -9.68066640998    0.921356392204    0.0170934019926    0.00427131538077    1.29796223144    5.26637767517    -0.0904546556848    5.60838938051    0.596871608149    0.456447617849    0.9765    0.368742336775    3.59942472083    4.47398290059e-22    0.0    37.6264258867    50.0248653418    62.5958071876  
57101939.2216    -9.28361923761    0.723185318036    0.00697986225348    0.00523566954349    5.47551720168    1.68154782594    0.36590325315    4.5279746448    0.459112853569    2.95666529698    0.972    0.402838423747    4.21719003461    1.57984368291e-22    0.0    22.3519062508    21.1646729927    30.7823179103  
11955468.4027    -8.81198719147    1.46030542539    0.118598952399    0.00232222990213    1.52477382985    1.03689551842    0.706514476744    4.76831229951    0.62863464025    5.35404281584    0.9716    0.500793998787    0.0354017756981    9.05674362994e-23    0.0    15.6128811315    15.4378409358    21.9565249979  
56295148.762    -8.69970906111    1.00775943244    0.171545062838    0.00347733299011    5.60816363593    3.51310643074    -0.651348794889    3.4323893329    0.9285161931    0.984644770767    0.9787    -0.688434664069    3.53596906927    8.28762316381e-23    0.0    18.5508828655    19.0150267811    26.5651369011  
10436403.8437    -9.04771036223    1.20754312494    0.16964440616    0.00285303404555    4.56970512682    1.45426509559    -0.310564758898    0.68794543757    0.724353588184    4.08981294096    0.9832    -0.714772368259    6.08019460371    1.14231766836e-22    0.0    18.272691434    17.9056343251    25.5832561029  
60426287.8199    -9.30548037395    -0.184480303587    0.0176161785192    0.0129031493369    4.83279185478    4.29055909073    -0.00122257955945    0.300002293343    -0.109781951841    6.27637804313    0.9778    -0.868836353618    0.951185196017    1.63912080196e-22    0.0    20.1652181162    19.6275416446    28.1402987313  
16347679.6511    -9.10415491407    0.345193790556    0.109349835192    0.00713704626522    2.5797269061    5.01511915107    -0.607616322304    3.42400748565    -0.776948162106    6.04938022582    0.9679    -0.801056837554    3.13487742679    1.22199601343e-22    0.0    15.2979374296    15.7976920301    21.9907699519  
15156810.5501    -9.12009381882    0.788620611863    0.115810352222    0.00455647248971    3.13247453824    6.19481850613    -0.475831071973    1.44041896491    0.330936975849    3.08195412871    0.9713    -0.0243422496794    5.96082828111    1.24668128404e-22    0.0    19.7520335258    20.7957338552    28.6810978692  
38673561.5969    -8.92173739401    0.910991728601    0.0329717419172    0.00427686281963    1.14051217742    0.0459926350465    0.582930402468    4.77591223542    -0.273378586871    2.5283050747    0.9912    0.101588998245    5.85113915716    1.00023792581e-22    0.0    15.5829448136    15.4271650455    21.9277356424  
47787022.7609    -9.10057361258    1.00846572119    0.121130836208    0.00364088419616    2.00054047326    5.58764331612    0.0665815766192    2.97047287683    0.454576174898    3.3138881931    0.9696    -0.298486897181    4.73979741188    1.21654196457e-22    0.0    22.5534289413    21.567800047    31.2062038044  
45614514.8753    -8.97599737135    0.716274060595    0.0162421038369    0.00524602181535    0.126565893773    6.27710403544    -0.474165246949    2.11737048156    -0.434248346118    3.17693305402    0.998    0.198993033193    3.95320491079    1.05622801332e-22    0.0    18.0317559285    18.301959887    25.692527271  
19226458.6107    -9.29416864548    0.648624044582    0.0132102520397    0.00562242209691    2.35676687135    6.04626289197    0.937436921955    5.38077643268    0.154672866799    3.78367287421    0.9716    -0.725986423963    3.03167739769    1.60788456661e-22    0.0    17.5612638244    17.7757287564    24.9874872672  
39455952.2389    -9.7953993129    2.51514162828    0.0967493782078    0.000823147035174    1.28346271471    3.86823064194    -0.845312728369    1.882862618    -0.774486957807    4.5394039521    0.9725    0.513591536736    2.53098079752    8.89012043498e-22    0.0    104.377760752    95.8898460316    141.737713794  
31531934.7198    -9.43342455629    0.881926401812    0.146028657794    0.00404178789337    6.18897106738    4.21775401634    0.735032627114    5.6913565052    0.830718068222    0.0752414884567    0.9956    -0.587541618839    4.78817021799    2.10005969719e-22    0.0    22.3751455208    24.7571276158    33.3700839805  
46993706.7561    -9.27118886582    0.263125228741    0.0834047101304    0.00790511180784    2.70562257004    1.66516111571    -0.445420958177    5.66412950582    0.571388151898    4.92792264365    0.9911    -0.665969242833    0.953284321347    1.54824184231e-22    0.0    17.9850516531    20.2585400364    27.090044802  
54931097.7801    -9.21718776681    0.759683182625    0.158160561071    0.00451538384497    1.51228408935    3.71493575996    0.494516218018    5.96325815401    -0.205039116983    1.73510536522    0.9801    0.667139622009    2.37020481219    1.42429481462e-22    0.0    23.692272774    24.7438680625    34.2575947184  
12447693.7088    -9.03887476253    0.938917220938    0.00805951224464    0.00421732060302    5.01016236057    0.0636097763399    0.788559366581    5.35757056504    0.713791000333    5.6761634461    0.9843    0.678169952567    1.98365999956    1.13088243758e-22    0.0    15.8302959103    15.802608838    22.3678500239  
51049037.3434    -8.73429273375    0.95130120142    0.0305680591599    0.00411372463512    1.30962234016    3.60261447361    0.580340325114    0.374270686591    0.119807840807    0.388835320913    0.9967    -0.966418499577    0.220485088099    8.50683328894e-23    0.0    15.1840878806    15.0757707333    21.3970883059  
53437985.9643    -9.12239168642    0.51162434267    0.193438955906    0.00558274458899    2.44831106152    5.83812476341    0.639978119658    1.68949359196    0.8725980152    0.808191208822    0.9822    -0.316664412237    5.07177183227    1.2503286332e-22    0.0    21.2886609773    21.0396186417    29.931131599  
50984220.2894    -9.25426833964    -0.0167574635664    0.110953854914    0.0102362985382    4.36439482884    4.06536593536    0.0206676044666    5.68151403019    0.811197093531    1.02514809696    0.9812    0.106868648715    6.12326714648    1.50710154584e-22    0.0    20.9091968889    22.6405505769    30.8186476823  
55713954.244    -8.90301723927    1.78420121135    0.176532211449    0.00159166680265    6.19429724601    1.92499675869    -0.974927341831    4.47217024345    0.978051755824    3.83131614351    0.9716    -0.454674610673    4.93382026174    9.82456869457e-23    0.0    14.9903881309    14.2454313382    20.6795563377  
12666945.6026    -9.12741125515    1.7064818659    0.023473153273    0.00194107032075    4.57461896153    3.40096739797    0.133992316592    3.7626008788    0.695486197839    0.751817750421    0.9704    0.592295102869    4.29916563351    1.25847017313e-22    0.0    19.7933035189    20.4666936558    28.4720988582  
38426539.5124    -9.62173581885    -0.318601267627    0.0831798197994    0.0141455785584    5.09097697007    0.537676362274    0.195342842393    4.88939019767    0.474852415372    1.10082218951    0.9803    -0.334651629509    2.80591065212    3.54109718946e-22    0.0    38.0636649136    37.1944648454    53.2190830604  
5690437.2718    -9.02736449704    2.06418789591    0.0600791619112    0.00132695164321    4.95878687754    3.06690533946    -0.728380645989    6.16125009277    -0.0621635668844    1.17924812394    0.9678    -0.191968751731    3.34183977098    1.11634517858e-22    0.0    15.4201147188    15.4856931117    21.8537554917  
41098909.9326    -8.98870242814    0.938432683289    0.033065091611    0.00416086662742    3.45996156594    4.84774002384    -0.246522109546    2.47017766238    0.920514905862    0.917693797985    0.998    0.927893119509    6.01883709917    1.07036249583e-22    0.0    14.2896641802    14.8357170052    20.5983737572  
28202544.9743    -9.38657997797    0.806043194673    0.110054022709    0.00449909088245    4.09518898438    0.72422083752    -0.171479274635    6.05206583769    -0.525500833859    3.90889694962    0.97    0.742534598159    1.4731726432    1.90418786562e-22    0.0    28.4862815958    26.6991191227    39.0424282171  
58863180.5701    -8.86837943053    0.440511583429    0.190364830165    0.00601391164111    3.15194832112    0.728809750227    -0.512132271414    4.99263100935    0.759468897035    2.79440392754    0.9969    0.00536906652088    5.18038460239    9.51476846386e-23    0.0    15.0849984968    15.104880749    21.3474729673  
16107478.7908    -8.82987221942    1.68511286625    0.0660807934999    0.00193069497475    1.10733016198    5.83795904435    -0.599110958459    2.86740898661    0.471592930302    1.24830186313    0.9965    -0.308286945725    2.08811763683    9.19607804191e-23    0.0    16.0532585916    15.917687058    22.6070757216  
23847448.6126    -9.07874630984    0.133205871702    0.114940299906    0.00878185458237    3.38347450423    2.26155015004    -0.317394458586    4.72902992367    0.309717897455    5.90936782971    0.9782    -0.565609085756    0.609729163965    1.18467753638e-22    0.0    14.5963646631    14.0350564921    20.2493622644  
48048006.458    -8.87840149243    1.0192605298    0.124326733559    0.0035919740439    0.756536141967    2.24442867731    -0.0573990604426    2.44866817702    0.381941660316    2.19989475635    0.9881    0.170257600554    4.32009845417    9.60225664038e-23    0.0    16.6556869089    17.3025248488    24.0164375491  
61631425.7805    -9.07857359827    0.609322921996    0.159822323677    0.0052396160452    6.26241285862    0.33896572997    -0.113332580214    1.67153846847    -0.483898169867    4.52784506449    0.9785    -0.945855280541    0.000399263428497    1.18443900197e-22    0.0    15.4442407681    14.0027068192    20.8470710453  
26135873.661    -9.22360585894    0.0198917383741    0.13884380716    0.0096338714844    5.52925219513    1.48598351946    -0.917281300051    3.66414777736    0.164939160646    4.21952884917    0.9849    -0.740967480689    0.180346383835    1.4378710907e-22    0.0    14.4233472925    14.7464114315    20.6273991872  
20042404.7133    -9.08220682026    0.564243168332    0.0732890696788    0.00589269298646    2.43579499769    5.93999100616    -0.71371170587    2.8121923731    -0.322721728653    6.16884711482    0.9857    -0.229524001407    3.06233578539    1.18952442724e-22    0.0    14.7406458261    14.3354897722    20.5619285666  
30817084.6221    -9.0575543692    1.19355446481    0.148841257595    0.00295189395359    4.96411880237    5.71575463949    0.156411598432    3.50493436366    0.25601381681    2.33752795144    0.9878    0.87021921306    3.37971332912    1.15531427172e-22    0.0    16.7223509115    17.2003249476    23.9893350952  
14956504.157    -9.30407291419    1.78310456709    0.0318670876274    0.00178918621562    2.28060909028    3.95736170124    0.533582841985    0.208664735    0.223590151067    4.85041080777    0.9862    0.0583609981527    5.57413573293    1.63505835636e-22    0.0    26.0492138581    26.5912768962    37.2244214139  
40669780.4265    -9.30938832509    -0.047470047026    0.154487903451    0.0101569107507    4.6328742361    0.543346283537    -0.605531391285    5.57803974081    0.435052269276    0.696726167436    0.998    -0.927259175276    2.09677456823    1.65005675367e-22    0.0    15.0733215884    15.8653230225    21.8840923576  
46321410.0815    -9.2080548324    0.944042842614    0.0066678022433    0.00419880211384    1.6931211044    4.70446346818    0.501766340447    5.00553598382    0.712879931034    2.23526877103    0.9856    -0.107856475653    2.69668286895    1.40525321854e-22    0.0    27.4741716008    28.3252730053    39.4607551369  
17518598.0532    -9.44731108531    1.26155166519    0.115154194542    0.00284102245929    0.479393651416    0.151144304124    -0.0471283940709    0.980424880307    -0.904072142017    4.8439280597    0.9801    -0.898150855941    2.55123470856    2.16583535127e-22    0.0    21.3951685708    24.1498694094    32.2640578766  
39737229.3345    -8.89569093478    1.44521871785    0.148919110293    0.00229494776566    1.03429056163    0.374023175176    0.811470563407    3.558998849    -0.336505653461    5.93133651665    0.9913    0.450821426891    3.60127827395    9.75713293394e-23    0.0    14.0953050904    14.2482883221    20.0422390392  
49718621.4954    -9.32655683498    0.299630404786    0.0641870206803    0.00772653785965    1.60977325988    4.71979746872    0.449260362873    1.68866857031    0.401355528217    4.45260186485    0.9722    -0.605972347271    2.42974133639    1.70067619741e-22    0.0    22.1213892226    20.5660478176    30.2046053438  
45263263.9142    -9.10721580146    1.42181505328    0.111619833393    0.0024274015294    3.45402710508    3.31026654372    -0.991078085746    3.73846972617    0.84157704441    1.08764153816    0.9614    -0.524697409855    4.92492362741    1.22666917036e-22    0.0    17.4812443302    17.9460336117    25.053024283  
44023918.8756    -8.98221209165    1.55902246407    0.0607816182619    0.00219806545966    3.15174828854    1.39647241488    0.182632435126    0.0581892686809    -0.729987508223    0.44710687239    0.9773    -0.634888184992    4.64541285015    1.06309691946e-22    0.0    14.6881933523    13.7213836633    20.10023367  
39750895.1167    -9.23132210126    2.14275748261    0.0520413588938    0.00123320441401    0.219489825667    4.8405273727    0.713678255557    5.41394812018    0.222322874261    5.63280833052    0.9772    0.160425922225    5.53791343429    1.45467802845e-22    0.0    16.7155361319    17.2952350857    24.0527400694  
49066832.0521    -8.65578821069    1.01967435007    0.168506023196    0.00344658888782    4.44075276906    0.444676727765    0.87076493487    5.02790861211    0.961496377009    5.37366638837    0.9872    0.984166873549    0.662457377084    8.02868771355e-23    0.0    14.5303619832    14.8315340411    20.7630879537  
27648583.0032    -8.78185510938    1.24590297061    0.015470898265    0.00309027906891    3.92982935825    0.393548209104    -0.631976598335    4.69404222945    0.888789111411    6.13476935556    0.9786    -0.0477507954564    1.26410311161    8.83338845898e-23    0.0    17.6715483218    17.5531189692    24.9077418815  
13746103.4952    -9.07805564245    0.864276530585    0.136562505427    0.0041493496547    4.15899913332    3.61389141573    0.655492075674    5.03639748929    0.646201293965    0.151085211652    0.9755    -0.656633203259    1.53872818096    1.18367392964e-22    0.0    20.5624643645    20.746071086    29.2098340674  
36176123.3684    -8.90323459908    1.07824152054    0.173051770276    0.00323577496315    6.16070617894    1.47207770184    0.0775745425824    0.60474444257    0.477226858344    4.0065863262    0.9909    0.429093626809    1.26929062479    9.82667192965e-23    0.0    14.6226058248    15.5542695294    21.3484402639  
31322620.9129    -9.3764098044    1.47521322187    0.083755044235    0.00235175707814    0.794925936178    0.00121239663287    0.874381977641    2.06413330274    0.883740763662    5.06827223295    0.9868    -0.591163242086    4.09373518745    1.86636753243e-22    0.0    40.5229736125    40.6572554449    57.4031689954  
50504928.2795    -9.29964693406    1.2399758121    0.140842824267    0.00283882639662    1.59582489439    5.2123280966    0.874344824383    3.54119579376    0.726281146449    5.96878403186    0.9846    -0.242253271052    2.17307231949    1.62281479731e-22    0.0    24.3647002649    20.736984846    31.9947051792  
21216886.5814    -8.89188660187    0.577724851573    0.00139022528104    0.00607277888318    1.71578907935    0.664900750256    -0.351549308076    3.7483883267    0.535919371596    4.54385563927    0.9977    0.75312192305    1.96812189168    9.72240027452e-23    0.0    13.9976347863    14.8539572337    20.4101402521  
30075161.3856    -9.3013718159    -0.256587312109    0.137356813139    0.0127190775735    3.05732244599    5.29146763116    -0.0962806883087    4.88729532113    0.828036380526    3.10539428732    0.9821    0.254247495564    5.49374285113    1.62759808629e-22    0.0    18.5104709964    17.7730071159    25.661592282  
35906186.8927    -9.24402759474    0.875373371949    0.116658579487    0.00417488938058    2.23575551176    3.32452325787    0.258635272429    4.36155711418    -0.752667130603    6.01818028321    0.9792    -0.241641633173    4.83432549698    1.48311776563e-22    0.0    24.8169969307    23.7540570054    34.353144847  
11994721.5991    -9.25236587872    1.26054688036    0.0810546424143    0.00292067668811    3.09650713683    1.38230229744    0.728526714256    6.00456185751    0.959323572841    3.96064292528    0.9857    -0.948240762809    1.17292893012    1.50251915706e-22    0.0    23.3046258435    21.3748849578    31.6226389263  
56665707.8404    -9.27307506569    -0.124213715693    0.0549752382185    0.0118778301133    5.94982444748    2.66014618189    -0.39776272472    2.06470096852    -0.732307050079    3.57586902355    0.9737    -0.37779172445    4.49713663914    1.55281910955e-22    0.0    15.6767743587    15.7847145655    22.2467630951  
49255706.6482    -9.34661841697    1.17205080485    0.100191669249    0.00314488425676    3.59130123159    5.2986891839    -0.548256233228    0.24006951811    -0.17125532145    1.49483841922    0.9937    0.785920273122    5.01830580936    1.76368193871e-22    0.0    34.2816633216    31.2436997712    46.3831997116  
39901771.0413    -8.82292716458    2.23823110514    0.0257487217656    0.00113904894276    2.71766722623    0.963327507542    0.981832096139    4.31952726997    -0.962698251105    1.706961003    0.9918    0.853260443708    0.477266355908    9.14181527636e-23    0.0    14.975861109    15.0501385398    21.2316529273  
56825986.2389    -9.71254481014    -0.612728522631    0.0104704100168    0.0198772723822    5.19910371496    4.55131733023    -0.349634191318    5.41483231902    -0.0994390620048    1.89187019551    0.9845    -0.0688087041158    4.77721001873    5.20431974587e-22    0.0    45.0525104847    49.0850274906    66.6263358195  
6803312.21521    -9.37084263622    1.00667811939    0.0605096043322    0.00381944439521    5.60539438847    5.08520725811    0.23519735679    0.68338249691    0.245752890877    4.63534087029    0.9683    0.493918650909    5.36436211962    1.84626083877e-22    0.0    24.7851749354    26.323340972    36.1555414357  
53459577.5725    -9.08376796541    1.20901765878    0.0780186276231    0.00308191880481    0.469636587761    1.51798821745    0.0438876259746    4.01760648808    0.567524659365    2.01428017155    0.9856    -0.223536915638    4.42842443915    1.19180233358e-22    0.0    20.790167969    22.0975272345    30.3402668752  
47908583.9731    -9.40340501942    0.529716813248    0.198825075638    0.00545081021575    2.86234659582    1.51145639244    0.900109682874    4.23725702101    -0.773473823092    3.37563182851    0.9805    0.0327331346902    0.185729296632    1.9699530353e-22    0.0    17.813905908    17.9577121616    25.294558106  
46891835.7169    -9.22350603862    1.59334795274    0.194040814618    0.00189138767359    4.26388444573    4.92348168997    0.316143558171    1.33928562894    -0.592697323091    4.94025825603    0.979    -0.866172962954    0.556442276672    1.43764809416e-22    0.0    23.5442481247    20.5656566311    31.2614435436  
57437714.3792    -9.75095523882    -1.4828326869    0.0160458364007    0.0473082123924    6.0677910827    4.71324296856    -0.438000451063    0.0325719424118    -0.827367101473    0.278537765114    0.9788    -0.0722395548214    1.93084904093    6.45774445932e-22    0.0    35.41192062    32.2646809912    47.9063018972  
26384068.413    -9.41005872297    2.10770217069    0.199184049588    0.00112455503446    5.69655055613    4.39682067454    0.956009387657    2.7337639061    0.194645796322    0.831934388878    0.998    -0.213263738133    0.980853145876    1.99736693585e-22    0.0    27.7082203626    28.3534586652    39.6442189221  
43362048.4548    -8.89709429228    1.67453438668    0.195715494908    0.00174075748096    1.51961150145    0.929258254235    -0.590340833525    6.20445330117    -0.505967849866    0.703100293467    0.9916    -0.341424826317    1.11163986023    9.76973736543e-23    0.0    14.4775727692    14.8236602924    20.720545788  
40866576.0851    -9.07952388126    1.63486507346    0.0144651297704    0.00209561037292    6.16020745203    1.58516868389    -0.72784441306    1.5592798676    -0.4394656133    0.568434920338    0.9797    0.306142096644    0.781694444056    1.18573410847e-22    0.0    25.2697182228    24.3289692645    35.0778762831  
6449865.53831    -9.32445669052    0.62455297929    0.130140935558    0.00530348856123    4.77775667455    5.01793708522    -0.780372514221    0.799548007567    -0.147562831814    5.64210461943    0.9808    0.00875724122717    5.01611739306    1.69415861467e-22    0.0    24.3481271534    24.3333417108    34.4229983396  
24187349.0962    -9.45842196199    2.16940249912    0.176579019487    0.00108278106264    5.01547935721    5.82604856681    0.092047809209    5.85223133395    -0.45110552245    5.04664051059    0.9945    0.400606879143    2.23060272944    2.22148970926e-22    0.0    30.362476767    31.6060818434    43.8272107819  
61351921.8303    -9.30391064238    0.695986157983    0.148942306827    0.00485457225683    5.34226922841    2.35390475446    -0.503152742989    5.83493642863    -0.846408041216    0.482203650011    0.998    0.655817037858    6.27370633111    1.63465900972e-22    0.0    20.533550412    20.3813733733    28.9314201709  
5192548.23244    -9.17604049292    0.877506540108    0.140161610999    0.00408155598618    1.95885192268    3.80892196242    -0.631018676511    0.537160343965    0.652134278952    3.11550280106    0.9832    -0.0362052208046    2.80626343142    1.34280258983e-22    0.0    19.1112015489    18.5445249701    26.6296344513  
19766850.8312    -9.25870430916    1.4416388765    0.0530039787056    0.00248459452297    1.98462050824    3.22715342675    0.37565611148    3.77360500852    -0.067552190615    6.23156738165    0.9674    -0.258252491031    5.82326981597    1.51752596898e-22    0.0    25.2902056915    27.051118084    37.031844317  
31870996.6043    -9.13702299069    1.28608894977    0.0798424522506    0.0028495411793    2.25424133412    0.88220719219    0.432626955151    5.46174347982    0.701996020229    5.27866102079    0.9872    0.724498898854    2.05540383222    1.27417069832e-22    0.0    17.2220409765    19.4954081991    26.0128744326  
58134701.38    -9.36876291277    0.412848820777    0.134575441613    0.00652834315127    6.22604215864    5.10816181374    0.636707945731    1.95990375669    0.302387408861    5.85820723105    0.9784    0.785243433748    5.57423779744    1.83865907812e-22    0.0    31.6581910053    32.2015806643    45.1573123094  
61412888.3319    -8.93320724006    0.90873222292    0.167711155925    0.00385401713517    5.33407262162    4.83086716692    0.211154124753    5.13586087537    0.475732243242    3.01893593224    0.9895    0.921037472273    0.290654490764    1.01148254774e-22    0.0    16.1657785013    16.019353621    22.7585606967  
61615229.7723    -8.90428583801    0.745387769714    0.0536844469118    0.0049824268187    1.26191840616    4.06474003199    -0.306379490129    4.90526858987    -0.578186029908    3.87888109678    0.9873    0.231075364819    2.24934091007    9.83647209057e-23    0.0    15.3368326088    15.2373720397    21.6193418296  
37631283.6311    -8.87051607121    1.02000793724    0.032153671309    0.00383698994207    2.6517994065    3.86287586954    0.827809948915    3.48530881222    -0.0691484486541    4.61540329007    0.9867    0.13250369955    5.98828580075    9.53299253893e-23    0.0    17.4301261481    17.1211109388    24.4323911502  
48492842.0486    -8.91262604842    1.69100856333    0.046433318577    0.00194440118079    1.95879450314    6.25918741775    -0.420379616844    5.60417441961    -0.0627623952442    0.246733972555    0.9959    -0.752566689549    1.3832431918    9.91472691026e-23    0.0    15.3534669426    18.19408945    23.8065923237  
41134406.6489    -9.12076911429    1.31385575164    0.0121407801511    0.00289245031594    0.591392509937    2.7053813133    -0.633907147985    3.76022742564    0.680098018615    1.98013803702    0.985    -0.99936584618    4.87336525662    1.24772681611e-22    0.0    15.626212968    18.7273304393    24.3903964114  
54422275.6299    -9.34132650573    -0.559957736576    0.0817934867246    0.0180253410638    0.341374725543    5.04575625477    0.280146097309    6.18119477801    0.316271189195    6.16554441243    0.9929    0.821473704891    2.22263339673    1.74640908572e-22    0.0    17.0547002438    16.8612084364    23.9825592951  
48116910.6302    -8.76243825773    1.02999562575    0.0947721989158    0.00364026631277    3.41809000669    4.36625453852    -0.127680588271    2.20078039477    -0.175391750879    6.05860736946    0.9843    0.973261148302    0.152011927583    8.69622775567e-23    0.0    14.9414107277    15.3939943096    21.4527577561  
19552250.8915    -8.76187191722    1.77314565876    0.1253772811    0.00168862196132    2.26621625025    4.46765674004    -0.771146540214    2.51453699899    -0.0348965866414    5.14557298839    0.9926    0.429063015477    4.12304352877    8.69265282899e-23    0.0    15.6833484449    16.1130186125    22.4854794757  
45637079.9781    -9.13615368402    0.664108988784    0.055970206442    0.00539620753367    1.96742750082    2.90971381005    -0.319198358558    2.58138662422    0.974525677647    2.08984050301    0.9921    -0.470078318106    2.24298862199    1.27275041804e-22    0.0    30.7836822299    30.9236737284    43.6338021319  
36129626.6048    -8.82419849296    1.82571807916    0.0674003625791    0.00167592290438    0.951221462676    3.40270117581    0.337872073339    5.74270922233    -0.799885058447    5.2709253884    0.998    0.0157593837451    2.31007597482    9.1514770715e-23    0.0    13.4112980674    14.910517086    20.0545863987  
20440266.5974    -9.05443081763    0.415180635814    0.0130703665713    0.00710132304469    5.39554786074    3.325001054    -0.678355105249    3.79273934525    0.935932046422    2.69174267811    0.9957    0.20493369201    0.131343155097    1.15117397298e-22    0.0    18.6842987471    19.0512415876    26.6843179733  
13659288.0762    -9.20427800387    1.33833810291    0.188304117421    0.00245574965923    0.945347517069    2.97012986433    -0.489699175276    6.18197832993    0.339980654688    2.80217088757    0.998    -0.832218267644    0.739666552358    1.3976422216e-22    0.0    16.6901287299    15.9219655927    23.0666292586  
18996487.0737    -8.98437086003    1.38601188179    0.116279078952    0.00250619692491    4.1964190544    2.29704917107    0.205224519917    4.23611439622    0.840061363549    1.81042177797    0.9935    0.236257208034    1.82392643528    1.06551910112e-22    0.0    15.8380487655    16.7428312284    23.0470428959  
35062750.4014    -9.108460578    1.28840189239    0.077818081597    0.00284713452179    0.628351009673    2.06181061227    0.025629369755    2.50626426003    0.986744886953    5.03912094043    0.9901    -0.484484567084    3.08917958659    1.22850101292e-22    0.0    23.5719571184    25.5396497743    34.7550121995  
52013005.6112    -9.41948534423    0.343935967085    0.114075139128    0.00711834564876    3.89405296749    6.09876536442    0.83398866017    5.80301928987    0.934016634342    2.55323805508    0.9965    -0.756395259157    3.33390022993    2.03755000478e-22    0.0    43.5721488923    42.896653741    61.144542367  
58909863.5411    -9.04170032745    0.688794017036    0.0976513136318    0.0051091080842    0.302376181948    1.60357197096    -0.327808771639    0.225497549153    -0.045188280124    1.25244389734    0.9835    0.214066809107    5.41459961186    1.13449983318e-22    0.0    15.901008128    15.4543746771    22.1738529838  
17309707.4256    -9.02388395384    0.714899696976    0.0742245291054    0.00506519152237    4.50037979037    0.553653397004    -0.0065738799461    2.17672530236    0.371474191035    3.5683768055    0.9844    0.822942761039    4.061840513    1.1119593214e-22    0.0    15.2066209719    15.7088730653    21.8634401311  
38695524.3084    -9.43441008147    1.0856406914    0.119059821791    0.00337638064322    3.44247753814    4.09507386035    -0.270101689402    2.4719653137    0.582658769024    4.09810070389    0.9785    -0.134242680631    5.21365782646    2.10441579725e-22    0.0    32.7636687129    36.118080797    48.7644721901  
59190947.6243    -8.25884588144    1.6512501003    0.182896008148    0.00180612791339    2.36453054603    3.17304981341    -0.568606008139    4.72957452372    -0.968914239215    3.84493580926    0.9727    -0.481020810263    4.93182283605    6.38921519375e-23    0.0    14.2933205681    14.2217900106    20.1632914964  
57724372.8871    -9.00903400351    0.802511336248    0.0786795620954    0.00462548091612    1.84684779656    4.19139249137    0.167377480834    0.741971475068    0.50345797657    4.20576759551    0.9736    0.376840218005    5.00012714186    1.09396291001e-22    0.0    17.704838983    18.213155638    25.4004008178  
48402533.9713    -9.18661450116    0.61088506953    0.0598397323298    0.00567657315549    4.82620943377    4.68021666486    -0.359160236124    4.64027855285    -0.475034883573    3.41263093663    0.9845    0.234405601337    5.06050756363    1.36289755089e-22    0.0    17.4658468964    14.733921006    22.8504756191  
40534593.6967    -9.34318111609    1.06012859257    0.00646747087148    0.00373899709043    5.71426230946    2.70488493839    0.63102753109    0.884263548671    0.803526715533    1.94991442833    0.986    -0.681251871121    1.33781385182    1.75236553946e-22    0.0    19.8179248538    23.2644967457    30.5612001456  
54415321.1713    -8.96080015692    0.859264747685    0.00206818770571    0.0045810769269    6.12908463753    5.88654768442    0.234261208449    2.30053534057    0.380369992226    2.07557025784    0.9828    0.331832061869    0.734096973302    1.03985840416e-22    0.0    13.3543154828    15.4840153112    20.4473096561  
45742026.6579    -9.33344077934    0.560767365255    0.182855130111    0.00537474151095    4.28972777438    5.68342439784    -0.547762333739    4.27107901393    0.328765700859    3.02973470871    0.9859    -0.571994734629    4.49196596224    1.72171002196e-22    0.0    15.0924160441    14.0456752219    20.6170321455  
8768699.20266    -9.2148101156    1.14152685716    0.0665833395573    0.0033238367179    1.32100779823    1.23072434504    0.280173464401    4.95558324937    0.214906729402    2.54557927528    0.9767    0.0674644533824    3.29502878123    1.41934706456e-22    0.0    23.340534816    23.7756285476    33.3175791187  
31810384.3728    -9.19647536992    1.00236478247    0.109992509046    0.00369730428978    2.31869122766    5.41674731894    -0.375458103467    5.76285341609    -0.438027836335    3.62012356295    0.9803    0.0556815601238    5.70833484417    1.38193432914e-22    0.0    21.967914951    21.918828214    31.0326331072  
49375510.4053    -9.3997672422    0.452073336683    0.120499360305    0.00635444601847    0.532427700455    5.12749048836    -0.40184453612    1.20260192331    -0.136773605156    1.74153679753    0.984    -0.20786840021    0.816710659047    1.95553773582e-22    0.0    18.668763008    19.6156757857    27.0794654448  
16480421.4325    -9.2735996421    0.501564853184    0.183461327267    0.00569895419555    4.28612556757    0.544290768428    0.878001182261    3.40669323245    0.84805093685    2.46639302367    0.9802    0.440763501051    3.68361286663    1.55422647244e-22    0.0    19.1013531942    16.8327040539    25.459803998  
52646531.8743    -9.58224358209    1.57516274452    0.00799558907749    0.00223220054512    1.16967423785    0.499020774813    -0.298852370249    5.90154629546    0.940363165036    3.98498453766    0.9763    0.137440814393    3.53773002637    3.10199905451e-22    0.0    71.0112566066    70.8389519118    100.303318354  
54120511.0539    -8.91032463551    1.9150489207    0.0959137138764    0.00150098396287    5.65007400959    4.37115399369    -0.635376014937    2.87569134719    0.770991338431    1.71013841461    0.9888    -0.487462047293    1.53955089831    9.89326715028e-23    0.0    15.4079940069    15.5855389885    21.9160969353  
6733834.71004    -9.33941928576    0.70330559733    0.120538983506    0.00494258702792    1.40002408301    2.71449194402    -0.0339699600914    3.3787116328    0.195528503609    3.01734129874    0.9812    0.252670258932    4.36030995707    1.74050590775e-22    0.0    20.308807195    19.2948531184    28.0131934371  
28597711.3014    -8.80601918985    1.61018499533    0.0849244489375    0.00205304540137    2.29411308114    5.07427602888    0.213279169059    1.30138555684    0.198665730808    1.2990165999    0.9792    0.962482722312    3.73082404745    9.01135117386e-23    0.0    17.6356953732    17.6392131127    24.9431271201  
63043373.4822    -9.20139369203    0.653209988965    0.159218619504    0.0050175623099    6.23673166318    2.93997525696    -0.780548782905    0.622475325818    0.393188031392    5.14837973129    0.9798    0.374237486001    1.56731439252    1.39178867574e-22    0.0    20.4002604936    20.8022595659    29.1359679993  
24234900.3843    -9.15233623674    1.81096216653    0.122494868069    0.00162998161585    0.588467020203    0.623766479214    -0.326412264851    5.8835464485    0.448508898332    2.4035618958    0.9751    0.62626187893    4.70193837038    1.30022380385e-22    0.0    19.0515478172    17.4467625843    25.8331376125  
32762839.2315    -9.25684499657    1.77783354459    0.0278752051786    0.00180284544913    1.66946221586    2.57494022256    0.817272726311    3.3553946868    0.0993322470678    3.96724968317    0.9817    0.137459671283    4.63378692968    1.51318114308e-22    0.0    33.1254119027    31.5143315658    45.7213955142  
41487326.049    -9.07624490689    0.780200842183    0.195736275483    0.00425728424154    1.65392270812    0.626615479262    0.940807290674    4.96564976431    0.995424248847    1.18755201294    0.9882    0.78721731938    3.23821461875    1.18104152592e-22    0.0    20.0049587384    19.6627360131    28.0503397778  
46352524.6271    -8.65296335005    0.98957224388    0.105563011158    0.00375836306528    1.7103195382    4.81129809368    -0.753876320212    2.60004161298    0.0992327411391    2.38545525965    0.9941    -0.512641470564    5.32395298303    8.01272414162e-23    0.0    14.0895333864    14.6291843808    20.3107849847  
32358103.2921    -8.70525186893    1.71532722792    0.108584254173    0.00181446056782    1.90979251506    0.0904410186391    -0.971022623934    0.114165867221    -0.906873138129    4.06751443836    0.9856    0.817643828962    2.02986864536    8.32190310922e-23    0.0    14.5377275618    14.3627392784    20.436090679  
21141544.5807    -9.41821118818    1.87919231208    0.0150471023176    0.00164083012769    3.82156765255    0.606856558696    -0.32625612477    0.826739921443    0.44761489586    1.74988993031    0.9853    0.385491992977    1.16264162506    2.03221522126e-22    0.0    34.6469574138    38.1020176437    51.4992757867  
42490230.6535    -9.1454347063    0.0842473804579    0.0679998257045    0.0095583896987    5.48124636494    1.38515294423    0.520885378945    4.40371850234    0.920280315716    0.147586189957    0.99    -0.844502410919    1.40103011337    1.28832172075e-22    0.0    23.9870156914    23.5927301788    33.6451161251  
25512390.6256    -9.0095979966    1.22861636089    0.153005983387    0.00283905950367    4.03723353242    3.30597170055    -0.14700316042    3.75173046629    -0.258436793902    3.25202772364    0.9734    0.421516259354    1.72235379895    1.09462599537e-22    0.0    18.4967504562    18.5646745012    26.2064289207  
21219920.5428    -9.03324747195    1.54713103036    0.0246209128281    0.00227490479529    4.97547815945    6.092178131    0.165677539283    5.65617448701    0.578995655908    2.43591962056    0.9809    -0.85541528661    4.43032002648    1.12365658834e-22    0.0    17.6771479674    18.9484752516    25.9138240061  
43802198.8774    -8.84986744489    1.47400307806    0.0714507837105    0.00237560442727    0.293957951159    4.37719816491    0.269299152462    2.14126454048    0.0347893054119    2.65498233136    0.9911    0.314669658189    4.15965228944    9.35854941926e-23    0.0    16.1445882232    16.6057176282    23.1602587819  
10518524.4963    -9.17337876788    1.00865251333    0.177113840114    0.00345470595666    0.625202625507    1.89535281136    -0.0170537389753    1.36062967343    -0.315044625141    5.49321914615    0.9792    0.631987041566    0.780158619961    1.33791214047e-22    0.0    18.3243735251    17.9318435812    25.6385194446  
29994525.0134    -9.27828053528    0.714017734272    0.0693783854269    0.00508700700792    2.17113285101    1.72293341165    -0.0822221357922    1.08520500663    -0.280585129381    0.514507869728    0.9968    -0.613550407791    5.56922934617    1.56607755233e-22    0.0    23.5505334089    25.1663432319    34.4669763036  
30432900.1828    -9.58067305064    -0.758318266836    0.132561446435    0.0210964762238    2.22508519674    2.87269127522    -0.0824681361107    5.80334629057    0.41941093455    4.26005348324    0.998    -0.324475472852    2.06308383499    3.08671872332e-22    0.0    19.3371691173    19.2756463674    27.3034183273  
48489900.4424    -8.99162698462    0.782846735138    0.105332834193    0.00462230653604    4.2205171142    1.16781742113    0.613889535504    0.459479818875    0.434872179537    2.46010772206    0.9787    0.0561309810585    2.28978787709    1.07368122779e-22    0.0    16.8630164367    17.2963830328    24.1562867462  
51509375.2799    -8.98244736732    1.31563420259    0.0662619925117    0.00279332856635    2.420120781    3.96355451019    -0.360916762914    3.53220465481    -0.133602982822    2.48376437272    0.9912    -0.222022816181    1.10213282383    1.063411842e-22    0.0    19.8815746114    20.1955547931    28.3396796459  
29677878.8077    -9.01846211875    2.17141065768    0.117304901315    0.00114168994583    5.94262219547    5.9723746646    -0.880550397825    5.2332636976    0.237893321516    1.02788780687    0.9944    -0.940530227968    3.33644138138    1.10531188767e-22    0.0    14.1220698245    14.1734517761    20.0079881892  
46202074.6359    -9.19148444497    1.52359528528    0.0968898280923    0.00221846761926    3.02529540078    6.1501191507    -0.669364149411    5.63821505796    0.839083518679    3.69279807719    0.9698    0.377482080915    6.09903211919    1.37225520346e-22    0.0    16.9672744585    19.7025037391    26.0014818067  
31646918.4593    -9.28818763865    -0.191364711755    0.0937220445095    0.0123570388308    0.515065940762    3.1586761676    -0.195652191835    3.61487533851    0.0667466664644    1.37678165013    0.9746    0.941440872918    4.01231692945    1.59188963006e-22    0.0    16.0579277268    16.5532906473    23.0622738284  
53774622.3854    -9.29943153287    0.364978619443    0.0268324228028    0.00740994830887    6.12219740272    1.31328536668    0.318657432288    2.77302698028    0.779706116548    0.41860947233    0.9737    0.22425248269    1.00605104278    1.62230515078e-22    0.0    17.8815543211    17.1720734672    24.7917343504  
20525860.2047    -9.05518970295    1.94310799373    0.178799526307    0.00135466860226    0.2816531147    4.27344070167    0.284240959014    4.20597045642    -0.0639599839648    1.74922172748    0.9952    0.283365363672    3.05079921642    1.1521696405e-22    0.0    16.8283596162    18.4258117817    24.9540423015  
46403421.227    -9.013190839    1.30192986059    0.187008773113    0.00255028653092    3.63137283163    4.28818218561    -0.0840030757708    5.96676701537    -0.710566978624    1.88640140698    0.9939    -0.529545080206    4.12354516945    1.0990171416e-22    0.0    16.048961145    16.1329628828    22.7561342326  
41426120.8242    -9.50844694959    1.25775016972    0.0420198246685    0.00300709310529    3.76855088155    0.324026691037    -0.920401507066    3.07037370995    -0.722425430676    0.588887216237    0.9799    -0.495708478139    4.76753982954    2.51128091137e-22    0.0    37.3101180613    39.3753353566    54.244464641  
18504010.0667    -9.24250048831    1.55800514889    0.0161632717043    0.00226094301342    0.0295764687003    1.0666140116    0.956620604075    1.2448895362    0.273660080556    0.638894341187    0.9978    0.331239643458    0.674016837119    1.47973066239e-22    0.0    21.0474448056    21.0865165643    29.7932226129  
60318475.926    -9.09423835162    1.46933127951    0.088895348716    0.00235656535689    5.61166488826    1.89573479537    -0.831396444982    5.0975010341    -0.6313584341    2.07489898008    0.9957    0.512013598964    2.79662013477    1.20704703651e-22    0.0    23.6035156651    24.1094230128    33.740038971  
29800528.701    -9.00361175908    1.19660994438    0.0260715739283    0.00322724766578    0.0524016904155    1.15151282596    -0.144154546464    3.80582767018    -0.950177134771    2.26398593732    0.9933    0.193962631578    4.54030625336    1.08759451025e-22    0.0    16.6146256824    18.2850174231    24.7060245432  
52924656.7596    -8.80067500244    1.1144866665    0.054396965658    0.00344303165977    3.3935061544    3.4065449739    -0.41221868739    4.04353358558    -0.147068287048    1.65979589419    0.9871    0.587104724733    2.1555636019    8.97166460533e-23    0.0    15.9343399827    15.9174927975    22.5226501025  
35716282.5284    -8.84247572004    0.785553587805    0.0367921424292    0.00483736123561    1.32076077645    5.10499261052    -0.224704641564    0.755757783672    0.961413888461    0.151642717368    0.9794    -0.345334154154    1.47360734835    9.2975170234e-23    0.0    16.291626827    17.2545073461    23.7304683567  
18878623.6838    -9.23692096585    1.09592963896    0.117498524737    0.00334620971873    4.69768785344    3.84054852037    -0.333028124772    2.60443491171    -0.710989028437    0.835579035694    0.9859    0.60990051135    3.0459783903    1.46703579305e-22    0.0    24.0872922653    24.4933121906    34.352874563  
23948367.7807    -9.30748671901    2.64960741039    0.0743729852193    0.000731673083764    4.04058441695    3.64608707406    0.54693325848    0.976004178304    -0.576307920838    4.81892152181    0.9767    0.558747559357    3.65522252107    1.64465471718e-22    0.0    17.0485497537    16.3735551499    23.6378162475  
55186197.2492    -8.7500211774    1.39608977637    0.170094891758    0.00236171202155    2.68566313763    0.14431337549    -0.0346026932165    1.01883042339    -0.654411206294    2.88234171466    0.9735    -0.285394625702    0.414966076471    8.6112324171e-23    0.0    14.268482887    14.7698414383    20.5362562316  
12380673.5344    -9.40717601123    1.6638833744    0.0642164304159    0.00197464339857    3.21621102281    3.34414140232    0.149041131461    5.39274817533    0.62910114753    4.22482427136    0.9893    -0.951318256789    3.06043961418    1.98548915693e-22    0.0    32.0825705508    35.4213470568    47.7908271582  
49266216.1103    -9.03626406549    1.15152367847    0.062553229454    0.00329985805917    0.0541770953464    0.832963764467    -0.773185522233    2.17803470778    -0.348250075836    4.47671696544    0.9707    0.1371573474    2.17845882561    1.12751458334e-22    0.0    20.414944133    20.71703859    29.0854883386  
30368210.0084    -9.32893864573    0.995852911253    0.0530105107633    0.00388021742974    4.09079599204    1.51134144202    -0.187862648597    3.34132831387    -0.00410366168738    3.68725915299    0.9687    0.231686849959    1.64451473429    1.70781203157e-22    0.0    32.8985979487    30.8226693623    45.0816447527  
29873132.0516    -9.23424372332    1.0493315605    0.142858219197    0.00342875598693    0.116737045662    3.0697479244    0.955114106098    5.74036462149    -0.925708194238    4.44670254213    0.9836    -0.222365525046    2.98294422521    1.46120299288e-22    0.0    16.2993093047    16.2851448809    23.0406906929  
23782246.3017    -9.19958912159    0.872148333676    0.192394356768    0.00389726568152    1.98473311696    5.2685464992    0.285978166569    3.34653807666    -0.0259007764069    4.56405713042    0.9789    -0.559877286376    2.62660624556    1.38819269441e-22    0.0    19.6181607863    16.9474552014    25.9246691482  
53365890.2062    -9.18392451971    -0.145356995673    0.0289435530012    0.0123287813036    2.49504781724    3.71173742864    0.0349047612348    0.300903597995    0.494271255109    6.15705390991    0.9688    0.118922793274    1.06530708495    1.35760450064e-22    0.0    16.372196091    15.9290016301    22.8425457814  
58707072.4804    -9.25550430643    -0.335750173186    0.0441011548142    0.0147785809726    2.26296765779    1.62390369337    0.117129903778    5.31853784712    0.351709193286    3.74223928534    0.9879    0.655370601273    3.58290996807    1.50996357663e-22    0.0    17.459019786    18.7138447794    25.593463195  
51212847.204    -9.27386203354    0.973102147302    0.0530479198474    0.003969410547    6.18220498652    3.25692315977    0.772998346679    5.02940122967    -0.696927153257    5.28569746115    0.9817    -0.325494281276    0.119847204783    1.55493166596e-22    0.0    23.0416060522    25.2130139499    34.1556976491  
42456883.6633    -8.92888596974    0.733221597479    0.108145488159    0.0048464666631    6.0071310579    1.88062734344    0.292865088267    3.89378296978    0.0865877623473    2.0124292727    0.9675    -0.866098621828    3.75533880216    1.00718404201e-22    0.0    16.7805402605    17.2189315259    24.0432554852  
36740670.9571    -8.79698682815    1.24642883047    0.104229041462    0.00291012439396    3.56901890776    0.985348210033    -0.330084150307    0.48083455727    0.583633609555    0.805262483506    0.973    0.870955349632    1.98969675676    8.94368134863e-23    0.0    16.016990931    15.870440229    22.5480569351  
47834999.1058    -8.85492935201    1.87580795687    0.177766653258    0.00145050956918    3.84780016273    4.58181462087    -0.757716967671    3.00819041159    -0.393378669272    2.28687544025    0.9683    0.400195514413    4.20797815385    9.40071213007e-23    0.0    17.6921343628    17.2347870671    24.6991802204  
60117805.2713    -9.78984447783    -0.00109473049069    0.0999840642113    0.0101663784029    4.02119576462    3.96759638388    0.326752440933    5.80146044925    -0.509327947573    0.52973324848    0.9863    -0.129164242318    4.70870419097    8.49189177819e-22    0.0    103.0710601    109.440061987    150.335526732  
55325298.694    -8.95045359139    1.09434361829    0.190343138091    0.00312760147712    5.11704407223    2.20890974232    0.613058217751    1.07838256097    0.77009899927    0.0990060422757    0.9812    -0.830721520007    5.2547686854    1.02900569565e-22    0.0    20.6961689655    20.7072080453    29.276609689  
36708413.8146    -9.33472286653    0.254392753243    0.130614026419    0.00767608855498    1.5208397603    5.28124689419    0.264298761153    5.97701060234    -0.767032815953    0.668339389159    0.9921    -0.317902328709    2.13474673557    1.72576459419e-22    0.0    18.6545962651    17.9190835049    25.8667260292  
17916762.3516    -8.9527351347    1.59632821034    0.112361626016    0.00203744844472    2.45099266699    3.28148211003    -0.574752548202    1.83002788891    0.962262096239    1.09787737642    0.9934    0.0266265910906    2.7051934021    1.03136094567e-22    0.0    15.9883089281    15.2156802369    22.0713150367  
56250357.8234    -9.11537947627    1.00263993937    0.178332492428    0.0034712117225    5.57772554967    3.00872667139    0.130919079147    0.9110474181    -0.538118849628    4.3740940582    0.988    0.481807012413    2.50252514256    1.23927765427e-22    0.0    20.4760029246    21.718221793    29.8487496157  
59265310.5692    -9.40048182569    -0.194055848371    0.0372676494408    0.0128801975448    5.8392042433    1.68307997759    0.60545821205    0.0879445318276    -0.830053535235    1.18318316375    0.9944    -0.215575433173    0.536844848765    1.95828520774e-22    0.0    22.2113434455    21.6277012023    31.0016328111  
13282218.5331    -8.77421501788    1.81491330779    0.129747113536    0.00161340909702    4.33294706217    3.37464594675    -0.514257739766    1.76759758232    0.741562459201    5.76268229751    0.9825    0.0196784423915    4.36304751478    8.77893291396e-23    0.0    15.961425052    16.0975495002    22.6693226542  
46717083.1605    -9.07969675705    0.473728793779    0.158931550909    0.00600565950219    3.95555856679    4.44450158289    -0.7273778287    0.803996106933    0.215883256363    5.65260279608    0.9935    -0.875298732203    5.15128873307    1.18602443484e-22    0.0    14.8332046866    14.0169404328    20.4082968513  
2497016.94375    -9.04157550168    1.44877192349    0.0553562105661    0.00246314187183    6.04514867213    5.36462410403    -0.187069799006    0.536537636356    0.872060204434    5.1623807235    0.9754    0.588608489028    4.26892551184    1.13436169632e-22    0.0    15.1880744652    15.2380980382    21.5145819802  
47708566.7095    -9.10004413851    0.761006780746    0.15064254515    0.00454173498658    5.0747879471    6.01274281938    0.173847193669    6.04822949221    0.772898402996    4.67875634381    0.9712    0.575513251055    2.80387204833    1.21574038156e-22    0.0    22.4818574492    21.44623889    31.0704856237  
32553743.5769    -9.60281524117    0.276886617336    0.0281912001462    0.00808596642002    1.36497838937    5.00789026309    0.0351828330281    3.06398332274    0.376389700043    2.0934474315    0.9713    0.0164851630446    6.07450761246    3.31653384221e-22    0.0    40.4683158704    37.6904118778    55.3014623396  
41237687.5841    -8.77055952023    0.941053626487    0.0360646979454    0.00414253656613    5.09590048866    1.20527697594    0.292111856699    3.1544817324    0.993034296892    3.86474323942    0.9881    -0.192907077907    0.289226124649    8.75294244038e-23    0.0    17.8751657467    16.7035419363    24.4648699912  
33656412.0519    -9.01895010217    0.529179502953    0.113856222585    0.00591571928733    3.55986889607    3.43699660735    -0.620961360091    3.43070620614    0.743638632551    2.32766776501    0.9766    -0.857829518157    3.90683586503    1.10591499081e-22    0.0    15.1932937106    13.6719251631    20.439122081  
47288461.4341    -9.19317759778    0.909414497731    0.193786292902    0.00374910677666    2.28782766352    5.96002093091    -0.558250522455    0.71559969873    -0.892791139283    5.2085001806    0.9739    -0.740264236504    0.353458665671    1.37550070787e-22    0.0    23.1905963917    23.2841291833    32.8626601605  
10208670.6176    -9.05738527891    1.94689913902    0.0345354328487    0.00151646304077    5.09373130871    4.27211882051    0.919546982388    3.74189978016    0.895207379256    2.29354262903    0.9959    -0.5678333557    5.54338952366    1.15509700918e-22    0.0    16.6418037596    17.2634397265    23.978656834  
