tPlunge     logmu     logM     ePlunge     nuPlunge     gamPlunge     phiPlunge     costhetaSky     phiSky     cosLambda     alpPlunge     SMBHspin     costhetaSpin     phiSpin     Zeta     SMBHQuad      SNRI     SNRII     SNR_tot   
57526064.4678    -9.34222528121    1.68646653871    0.0111476539284    0.00199376050492    3.06914240647    0.944011840017    -0.462682151611    6.05926010379    0.647421533525    5.01801180329    0.9908    -0.545201285626    5.35404883235    1.74939269744e-22    0.0    32.5477789884    29.2352443996    43.749942082  
62142503.7424    -9.51737915136    -0.0146104725748    0.168121697032    0.00969927859655    2.14101234644    3.51257761775    -0.837931861736    2.11854575503    0.0529715226037    3.90885689925    0.991    0.27394143715    3.63055906497    2.57059258521e-22    0.0    18.3925535372    21.5792337688    28.3540006995  
48019984.1913    -9.12406207799    -0.110822989978    0.0936729993178    0.0114012364836    3.30262796149    5.73080994019    -0.497840354418    2.35572225541    0.108084765969    4.41629332043    0.9912    0.45050633366    3.7091022466    1.2529969889e-22    0.0    16.5527584308    16.6722952141    23.4938127892  
48182367.2404    -9.38752038007    0.936810659901    0.194364983971    0.00364552203672    2.24218350356    3.49746205499    0.069983073844    5.1341916307    -0.482847672538    0.837002880743    0.996    0.703944274934    2.21429615515    1.90779430954e-22    0.0    31.4547390153    30.7305385703    43.9746132142  
37249005.168    -8.98303579878    1.57638917919    0.0571940007513    0.00216540462122    5.28375769411    0.618386781918    -0.873344704195    6.09401235553    -0.359753482563    4.65731774577    0.9796    -0.958273620087    3.61893186133    1.06401027262e-22    0.0    18.0368417964    17.7692946247    25.3194686644  
59101934.1297    -8.87864891657    2.10859637167    0.161536005185    0.0011680241247    0.78827916506    1.48336808601    0.275091806281    4.70868459866    0.832661402842    3.35356116659    0.9749    0.46208547366    4.50722378333    9.60403568803e-23    0.0    15.6736462357    14.0994879373    21.0821902661  
23911423.5977    -9.09401909665    0.723973481372    0.0534047023683    0.00509120152585    2.10673268381    3.6775612505    0.882108018153    1.52185708215    0.591321319932    4.3135364619    0.9911    0.552649010609    1.70615986786    1.20672437286e-22    0.0    16.8450998182    16.9003794949    23.8616892729  
27009297.2638    -9.04645528948    1.49662133432    0.15104269342    0.00217563102943    1.77711105841    3.84970990872    0.148007908005    4.51186204393    -0.51353862152    2.51733435841    0.998    -0.779030105527    3.54020478873    1.14067465451e-22    0.0    19.9005409301    18.9477002129    27.4781162503  
22338042.5237    -9.39958867609    0.288077585667    0.0244091609838    0.00801337682524    1.74798800133    1.44078487431    -0.918551296867    3.71493160266    0.957005425783    5.635699875    0.9696    -0.786724190107    2.51037690941    1.95455568052e-22    0.0    32.3039089659    32.4437403602    45.783608672  
29492658.7826    -9.12569000636    0.645560094267    0.05387921084    0.00550478425362    4.83265409788    4.55321974532    -0.93352069062    4.9670974592    -0.123586885789    2.71993861942    0.9737    -0.0294804949846    4.80779246382    1.25571275816e-22    0.0    19.4721385104    18.4749341166    26.8418957748  
29416524.4064    -9.13821379416    0.54070264424    0.077351096901    0.00601555889798    4.87905036675    0.92705524543    0.907209622203    1.02608269023    0.495314068257    2.05926343737    0.9749    0.390107403225    5.04500809554    1.27613818368e-22    0.0    17.6172549329    17.6881860585    24.9647671211  
50134551.2846    -9.47375158826    -0.140683430831    0.0107669272385    0.0123960108262    1.22379883912    2.34070216444    -0.204591432441    5.03663467527    0.498351527173    4.10596441502    0.9722    -0.501172905472    5.67930016388    2.30288635058e-22    0.0    25.9399032899    25.2532898981    36.2023097795  
53524676.3361    -9.23783185099    -0.0189719141661    0.037131235919    0.0108123580048    0.122983802176    4.26907284414    0.404673934885    3.9129665225    0.207086859144    4.62806204738    0.9975    -0.385307860585    5.35058683403    1.46916290428e-22    0.0    18.6861512698    20.5288237392    27.7597704132  
5627055.04022    -9.29374024234    0.926053434403    0.174850067033    0.0037608272331    1.70695327897    5.11393145668    0.353134302919    0.70896623387    0.963154865429    3.12799441817    0.9804    0.0824941245947    3.72443273329    1.60680959165e-22    0.0    20.6186250739    23.4230013283    31.2052029502  
41111261.0111    -9.14881004184    0.204981381434    0.153730272761    0.00789651883538    2.4467758586    5.09589803602    -0.0149755520498    4.05310295991    0.294178935739    0.038650874044    0.9682    0.796711574087    3.6190647864    1.29419319236e-22    0.0    14.5841297926    15.4235556493    21.2269383254  
32001467.0403    -9.13542222197    0.616946680892    0.142484410122    0.00528527223194    2.03256476348    5.20888819809    -0.0666042399562    1.06392452106    0.443048539627    1.714306732    0.9752    0.139247876855    1.59133091253    1.27151649613e-22    0.0    14.0467538791    14.6336636335    20.2843635808  
22953107.4416    -9.0131503982    1.82005194732    0.04495467874    0.00171059628881    0.284598826507    2.35546671736    0.708870814456    4.8868072114    0.271350911101    5.35187536964    0.9973    0.536751334013    0.0336366449556    1.09892890127e-22    0.0    17.7489924655    16.3073658393    24.1030478188  
47762445.7861    -8.97833801375    1.21497593443    0.0805015854693    0.00305808976347    2.72804147909    0.386883158712    -0.650970106071    5.86941378125    0.267209749136    5.51989908097    0.9678    -0.181241199001    3.81883516174    1.05879424222e-22    0.0    15.269290307    16.5116098043    22.4896528388  
37915318.2717    -9.07650338274    0.383437213314    0.171239251083    0.00649410264254    1.52961336273    0.806129698073    -0.515249031031    1.1879123443    0.152894278857    4.25979436205    0.9979    0.220207894394    3.18951972184    1.18141448896e-22    0.0    15.6663410935    15.6278954461    22.128383568  
55770241.5644    -9.43879510533    1.35480277659    0.00971935665804    0.00277997713674    5.75618296923    0.0647369530044    -0.595443866134    2.71477621476    -0.650926056154    0.70115021065    0.9948    -0.85560863037    0.14210146838    2.12474725571e-22    0.0    39.4251247735    43.0381879029    58.366309472  
61475493.6569    -9.34870910851    1.86280796779    0.112684216368    0.00156041646157    4.94859834445    5.56106838434    -0.842747324432    3.47120171616    0.928961074748    0.413539149599    0.9671    0.195944638929    1.50226643602    1.77053275696e-22    0.0    25.6249941585    23.3641782579    34.6774444169  
34946593.2261    -9.18622977479    0.619559102233    0.0838060874016    0.00553327084223    2.77799420244    5.35737121726    0.699994751442    1.91391425395    -0.87691403738    1.9732452417    0.9695    0.183995099159    5.0957811487    1.36213446216e-22    0.0    18.3082447022    18.2917819828    25.8801296786  
50354028.7821    -8.87840149243    0.904822050678    0.058433671365    0.00423486104676    4.13409319504    2.51381111921    -0.235119427558    2.21495255582    0.271254661695    6.23391324067    0.998    -0.515504670351    3.84699074424    9.60212045168e-23    0.0    16.3509193609    16.3075627106    23.0930544863  
22585344.4666    -9.48730368003    1.15109996662    0.015699858695    0.00339716006616    4.10812463451    1.86660072985    -0.357296253504    4.16268186285    0.0235941371693    0.10322627158    0.998    -0.0310435993603    2.49005788979    2.38002763756e-22    0.0    54.0183936789    56.0021152235    77.808892584  
37451834.2111    -9.54680003208    0.0535982546495    0.167986085047    0.00906098062148    4.97158719593    1.46721378034    0.824547164339    1.53619666493    0.537691153843    3.99104725474    0.9708    -0.331625674064    2.21683261033    2.78774405824e-22    0.0    28.632144319    27.593220761    39.7641235321  
11405677.5276    -9.42539189208    0.0868173855927    0.00144192698649    0.00992143644878    1.52323052513    0.654731002917    0.765495741621    2.72643571388    0.028092630384    2.42933963246    0.9738    -0.507483779687    4.93903880216    2.06347665572e-22    0.0    13.1710400847    15.1174230252    20.0502562536  
57784955.3446    -9.03850138826    1.51631841951    0.193655503045    0.00204368407675    5.71445927823    4.54241764972    -0.608138822403    1.66421105815    -0.517223548356    6.27077083658    0.9769    0.0672365590546    1.09380371997    1.13036261448e-22    0.0    17.9719012011    15.6373629723    23.8226017368  
61619817.5283    -9.18354082666    0.505737244657    0.108805242545    0.00608117932952    4.21429981853    2.5227484681    0.935301136266    5.65385922156    0.624504016308    3.77277319839    0.9943    -0.54517670908    4.88029610745    1.35688827598e-22    0.0    15.2585202677    16.7649859278    22.6690801296  
52440513.9812    -9.37699150414    0.311135274634    0.0348901725192    0.00778292485772    2.60811454127    2.46098253472    0.982157317461    3.17526452242    0.822843206807    3.63320355185    0.988    -0.871928326777    5.09245541093    1.8683331451e-22    0.0    27.283097962    27.6972438928    38.8780754881  
17162487.2061    -9.74825253448    0.341675343024    0.105341899043    0.00718544855843    2.36640500704    4.76407593434    0.187770821453    3.91492764591    0.447883143642    1.75987854796    0.9932    0.0500597633325    5.05096223761    6.35269177691e-22    0.0    78.9300399665    86.5975871605    117.171213662  
58421378.7263    -8.60370315062    1.13807386082    0.0796862816334    0.00330450521252    1.52067381198    3.78811079264    -0.592138873043    4.86256544403    -0.113856236056    4.48521473507    0.9953    -0.393443138308    2.95826496384    7.74777452021e-23    0.0    14.9351747339    14.9604004292    21.1393714508  
39169600.092    -9.03481661791    0.799294055758    0.0326964738595    0.00478306098692    4.07492967493    3.45184467956    -0.989152793962    5.8454066094    -0.727385094118    4.79645530308    0.9881    -0.61888471529    6.26606887138    1.12565730497e-22    0.0    15.2559292601    15.2805640389    21.5925685118  
32286084.4693    -9.10194271956    0.600460086789    0.0822630408513    0.00564638727323    2.0703684247    2.44492187041    0.218022112551    3.82216025234    -0.136179219173    2.58193475938    0.9761    0.784720810789    3.20382433416    1.21865128897e-22    0.0    13.7485698466    15.3093416271    20.576664304  
38641752.6663    -9.55274790216    -0.142312885606    0.138973997157    0.0113290730384    0.925902464412    3.7219328676    -0.761816434475    4.61826686505    -0.0886870002243    4.59820846683    0.9794    -0.932966021089    4.159417815    2.83638495284e-22    0.0    14.9785903238    14.6947665499    20.9831916553  
18022775.1489    -9.19968658273    0.487749420518    0.136666526039    0.00604593130558    3.76907482954    5.59974166424    -0.167206209435    1.01194465085    -0.044988483524    0.946519894965    0.9705    0.675062504186    1.93806972757    1.38841067135e-22    0.0    16.2367810703    17.4633607223    23.8453774817  
28869745.7119    -8.67420283424    1.57690599977    0.15978118422    0.00199113516907    5.52018300522    0.214764688235    -0.551306698542    5.13603573474    0.545592815741    2.64506990335    0.995    0.109195421237    2.86671808094    8.13457173457e-23    0.0    13.9637074418    14.5151485529    20.1413669603  
19690720.611    -9.68635857492    0.985432555575    0.0177738646159    0.00400471254103    1.62397042227    4.23699518341    0.711331309735    0.802548702708    0.134487580367    4.48018908416    0.9632    -0.514915665155    2.17233668247    4.59069440632e-22    0.0    89.3210337601    87.8190688901    125.261470264  
51481782.4619    -9.04311610949    1.48660552077    0.181417443825    0.002132644042    0.119307170825    3.1329215486    0.557322187602    4.07137430239    -0.0925709481361    3.47401921337    0.974    -0.635824724515    4.09637496864    1.13626874432e-22    0.0    19.0737802646    21.4346015797    28.6923550526  
62041656.8734    -9.42526975467    0.0740450464766    0.145817001676    0.0090681120464    5.22783007235    1.93404966058    0.95414458436    3.70111648657    0.767541147718    2.24317926389    0.967    -0.207630412874    2.88335583639    2.06313105201e-22    0.0    18.4784496237    19.5308602179    26.8869410932  
51981248.13    -9.05814641049    1.25720454761    0.0476014425681    0.00299821732825    3.68453029862    3.35281577946    0.326444217769    3.3061347846    0.285182017914    0.0599000989743    0.9715    0.555897426782    5.07317084128    1.15612908103e-22    0.0    22.3064345162    20.0365716839    29.9840161698  
23109595.2211    -9.2434673849    1.12760613245    0.012891454052    0.00348320084378    3.59619443313    4.83926986244    0.504136262749    2.93173395061    0.848315788191    1.01233734027    0.9713    -0.317038910954    2.0471361099    1.48184323349e-22    0.0    17.4634044442    14.0795895135    22.432238757  
47809176.9712    -9.35472296982    0.735665424702    0.191724889861    0.00447037907068    4.46168415944    5.08649323268    0.684693502769    5.50179932646    0.755813963393    3.31431083754    0.9759    -0.150969934254    5.46052999675    1.79045547279e-22    0.0    34.120976564    33.6399394984    47.9154105809  
33654583.2142    -9.09257321824    1.10810900223    0.0803228475641    0.0034034438897    4.42236793291    3.77273612587    -0.0212477038079    0.679634666898    -0.807972918467    3.72079495504    0.9921    0.198017746187    1.81553198217    1.20458139991e-22    0.0    15.9820261059    17.8639515285    23.9696875795  
35885749.2189    -9.02404747277    0.230732791501    0.0457175983415    0.0083786048442    0.975314442984    1.8308932792    0.0278118512484    3.48477372765    0.302101439724    0.441566642544    0.99    0.75259073265    4.21832363322    1.11216836337e-22    0.0    14.8210436174    14.7344555626    20.898983579  
58069601.9279    -9.42100431648    -0.482138726968    0.049238461552    0.0170528492632    4.53827828968    1.96020149294    -0.817945044296    1.6037013832    -0.732443230349    3.33853526689    0.9683    0.202968625953    2.84949847869    2.04423359019e-22    0.0    14.7580398753    13.8956043926    20.2703616741  
32005567.3681    -9.11189172456    1.61999687686    0.124274095738    0.00196995516936    4.67178051534    3.9471332262    -0.61886943363    2.75169799384    -0.22944134132    5.20487987129    0.9749    -0.520798249076    4.49888708764    1.23381790033e-22    0.0    20.1602834556    21.2354951137    29.2811079321  
17893006.7184    -8.98751922942    1.48555880756    0.0363796271107    0.00240274843418    0.960771640139    3.37228704231    -0.776462411951    3.11598114718    0.271158409578    3.53500960324    0.9713    -0.701508423441    2.1219508083    1.06908181497e-22    0.0    17.0090076586    17.0178008859    24.0605878673  
11300820.6235    -9.17599289994    1.48014065193    0.041899411928    0.00240766631472    4.33135278975    5.92889805121    -0.93864792275    0.927418178336    0.713791000333    0.542307319189    0.9876    0.180196571227    1.5744017293    1.34281269931e-22    0.0    17.9599162404    20.9448464106    27.5906720202  
10996618.111    -9.13263842098    0.729333532318    0.12659601843    0.0047906784608    2.50059520199    3.81579463925    0.00629648898832    4.00927447667    0.543244138954    0.939016221864    0.9767    -0.355751099959    2.76638832532    1.26693829648e-22    0.0    15.1292787873    16.4178726438    22.325806117  
26469776.2611    -9.48205466432    -0.287832387993    0.132321932785    0.0131817289641    4.78043293245    0.128976503455    -0.673015070411    0.941104868087    0.694263676376    3.83729834582    0.9908    0.832519516231    2.72242747452    2.34995251708e-22    0.0    16.7598763354    18.4826723458    24.9500026417  
35640937.0576    -9.05962804903    1.35473406807    0.0264282125217    0.00275467827539    6.03243692269    1.28423870252    0.333534742644    0.746521757997    0.0597606985338    5.03060943069    0.9911    -0.0814025406615    2.90791927366    1.15818132535e-22    0.0    18.2507408244    20.0821778895    27.1363853419  
50659008.8902    -9.43004420213    -0.0175368589902    0.0252766185871    0.0108724474923    0.929317625327    1.37870698917    0.539348347214    4.12146697593    0.801378546018    1.68975556953    0.9729    -0.789922629622    2.46618519896    2.08441904598e-22    0.0    23.6717241658    25.7431731907    34.9722960486  
46347045.057    -8.89810304691    1.48816753206    0.199160140073    0.00208954880121    5.36384977865    1.43225339092    0.071180860216    1.36656214423    0.633289501488    6.05880348766    0.9874    0.294634399563    1.66005628121    9.77951396198e-23    0.0    16.4076032086    15.2850046352    22.42411224  
47980080.4733    -9.19939422781    0.025222171747    0.0694523212721    0.0101293140645    4.62604985182    0.430687088268    -0.107489522324    3.57176928042    -0.135782934601    0.0160967550382    0.9933    -0.647474188465    4.87271406122    1.38775707314e-22    0.0    17.1343210984    18.1836439128    24.9845925613  
57160653.9807    -9.01004135728    0.730584361616    0.0458574959682    0.00508218704595    0.206636175886    2.80175846357    0.0203528558093    2.05539551131    0.555443597286    3.19934752158    0.9761    -0.156570756187    1.61115373849    1.09518055872e-22    0.0    15.5604358545    16.3579057839    22.5767191065  
36071311.9206    -8.97708898939    0.580250956103    0.072157661619    0.00580375885392    1.20124040407    5.19275544691    -0.137509841462    5.41697518712    -0.787599600739    2.14694940806    0.9946    0.666847620038    2.55269382131    1.05740370633e-22    0.0    13.889041637    15.0099212118    20.4500174176  
36652519.878    -9.19657252805    1.74853545299    0.11017961006    0.00175291571517    2.58036796692    3.70029979214    0.342840418589    2.95813657643    0.417776222304    0.240925224485    0.9783    -0.165375502982    0.213894517076    1.38226543958e-22    0.0    24.2842402961    24.0086757907    34.1488043712  
23195441.5384    -9.51437062494    -0.314622144392    0.134834956364    0.0135095001664    1.91149481818    2.84436828293    0.425771346196    3.67260820108    0.220372484721    4.52190000686    0.9955    0.508899451224    5.91505335426    2.55063260486e-22    0.0    19.6424337154    20.6604840504    28.5075569536  
35152686.9307    -9.21738615983    -0.117339613804    0.00553843225659    0.0121431587747    4.15515537113    2.71447782231    0.427715635798    3.53369070898    -0.421776446158    4.55586296877    0.9749    0.921448606369    2.07868940293    1.42474832657e-22    0.0    17.9763717037    18.0028305624    25.4411447833  
24341128.9615    -8.75591335849    1.26677903429    0.0476430995105    0.00296956932393    4.29413514875    1.64860578803    0.764822268538    0.488726508934    0.721174563878    0.837037898784    0.9736    0.713999297368    1.72069843737    8.65162066468e-23    0.0    15.0526783227    15.1683477704    21.3696490091  
12083847.7835    -8.91875237217    2.07447963731    0.017207382454    0.00134815373667    1.09277862329    5.44342294021    -0.86410234607    0.583579843167    0.193370496529    5.88982043131    0.9977    -0.370015373744    3.68509217031    9.97372985916e-23    0.0    16.0049629933    16.8862795322    23.2659682124  
33433896.0    -8.91665712981    1.3418199765    0.0737738947953    0.00270686774868    5.11940324994    2.64098166888    0.665904412883    3.7981479262    0.325363696341    4.55770544764    0.9971    -0.769849278054    4.85493709269    9.95327608088e-23    0.0    16.9448019439    17.3525209757    24.2535831813  
16397618.3256    -9.41681754419    -0.176543566001    0.0522089360082    0.0125385564257    4.84239134994    5.22794220361    -0.633055903037    2.97224431304    0.0201949538375    1.31366378085    0.968    -0.976023279527    2.78251760609    2.02597202394e-22    0.0    18.1983921783    17.5775819532    25.3012423647  
48869489.0399    -9.33701241102    2.08933585446    0.0486960158226    0.00130367795405    0.848870793586    5.13364615434    0.976151799407    2.32953759057    0.609473501623    3.93093430874    0.9967    -0.699297385012    2.60160740006    1.73286770632e-22    0.0    23.8186161979    22.6013419466    32.8351509113  
62044653.3426    -9.15764895312    1.78469592581    0.168945501073    0.00160307943663    2.05036538101    0.267351359174    0.763479110014    0.82886537193    -0.909593085517    1.74280849854    0.9902    -0.341180179281    2.7068390115    1.30945767167e-22    0.0    20.5894703866    20.4446763524    29.0157040575  
16268723.1662    -9.20129606438    1.06247698764    0.0162641903949    0.00371082807262    5.7405344224    0.777579570001    -0.0742247240158    0.811896067394    -0.306775837841    0.210858859188    0.9844    0.902917883657    6.13036802162    1.3915689323e-22    0.0    19.9325642987    22.6321178398    30.158247254  
57157928.1906    -9.02662642911    1.26247505894    0.0774756147436    0.00292263925537    4.74100084941    4.35448851009    0.594588323902    4.92548864881    0.800720088038    2.88842493698    0.9797    0.0172639958342    2.33668505146    1.11542964777e-22    0.0    18.5444264577    16.2837238846    24.6790481217  
17779832.8365    -9.64565392654    1.7104654936    0.0495916546444    0.00190310518347    2.01561184529    3.53571077185    -0.873139961524    3.46086465741    0.0315910698084    5.07496965891    0.9839    -0.495684895681    3.88016012918    3.8705829305e-22    0.0    55.6568774772    57.8183371883    80.2536486755  
21614380.9767    -9.43022829074    0.0594156530166    0.128304684226    0.00934747549931    3.35284550041    4.66269468071    0.531182970152    4.03012748511    0.0781166604249    1.64874493714    0.9929    -0.460843273525    3.21631308981    2.08537296275e-22    0.0    20.7406312336    23.2607393511    31.1646559283  
28344567.2528    -9.21283304892    0.640389081019    0.0238293853594    0.0056357503901    5.35423583251    1.51210609148    -0.212391289919    2.73351162245    0.750154919786    5.01386136633    0.994    0.789472157559    5.2055569301    1.41517831978e-22    0.0    20.2284793505    20.6403022165    28.9000597304  
30996290.3037    -9.14589640814    0.340063399467    0.054215566243    0.00746999533453    4.08153657421    2.23817216928    0.352378118589    5.44949325203    -0.548696002357    1.92355467734    0.9904    -0.546119274039    0.597883287242    1.28910473116e-22    0.0    14.17367487    15.9450403003    21.3339487554  
34038102.653    -9.09358073087    1.70278025316    0.135584800022    0.00179556939012    0.757393474428    4.95834357203    0.908395761371    2.11806769108    0.85226307189    2.2493840382    0.9794    0.926450624344    1.33554745853    1.2060799865e-22    0.0    26.5154164007    27.1010167836    37.9148047286  
57004973.6818    -9.04269949489    1.1386410108    0.0639612086937    0.00333944425577    1.15750803248    4.38523198818    0.459665234299    3.12662267706    -0.31457004735    1.11745680499    0.9719    -0.814810964351    1.82236293354    1.13573087259e-22    0.0    17.6046185957    15.5168338567    23.4668857933  
42868451.1518    -8.75904501582    1.38890800603    0.0873877959764    0.00255681538281    3.34704560317    2.43449419934    -0.170439092952    1.79544988862    0.590675981941    3.8872080142    0.9902    -0.742907956214    2.37747437214    8.67305785162e-23    0.0    15.2792668055    15.2703915908    21.6018715266  
10453475.2748    -9.17167139256    0.481225834291    0.0225029187798    0.00661304318668    5.01534611803    2.12858132849    0.206134766437    5.18618727589    -0.505967849866    3.9800861484    0.993    -0.1464334964    4.17172590086    1.33483088466e-22    0.0    15.2406618767    16.0152939029    22.1080847935  
26215218.1423    -8.99989346521    0.437712055449    0.0455857493796    0.00681267727544    1.28993000223    2.97467064463    0.359349588222    1.93048433297    0.445019760634    1.04617252238    0.9879    -0.40093245943    3.4854327161    1.08328319734e-22    0.0    15.3053910447    15.9109868997    22.077465868  
55291614.6746    -8.91757555532    0.963047337222    0.167514580751    0.00365098024324    5.22398995706    3.1013691647    -0.752755208026    0.340718534848    0.835034962043    5.28116758159    0.9741    0.87437114674    2.67729854191    9.96209509887e-23    0.0    13.7755576585    14.8995864037    20.2919605707  
12786746.2929    -9.31889607388    1.57601555213    0.17865026471    0.00195580602549    5.92174387332    5.88534836195    0.212761922137    6.14563211527    0.0582633127661    3.18319209502    0.9683    -0.123001019546    2.05296091861    1.67763572712e-22    0.0    23.7439892688    21.4359141381    31.9886767675  
10595413.5693    -9.49992276278    0.527835317207    0.19262486335    0.00549776510597    0.832900971009    1.67305848308    0.418014983432    3.83233768008    0.571880456989    0.65956442162    0.9818    0.223181926319    5.03898823508    2.45696935961e-22    0.0    34.6623727888    32.2244130074    47.3275066005  
52073046.0192    -9.19037336058    0.865476257544    0.162627003158    0.0040445541056    4.1385256243    6.13924377891    0.348967347114    1.91883768099    0.698426355798    5.77900566564    0.9956    -0.38926226848    0.734437694417    1.37000197636e-22    0.0    17.3249418466    18.3923848841    25.2672402869  
32172788.3065    -8.97724503214    1.14123490051    0.103489275308    0.00323484260021    2.06915679082    4.52341877288    0.200284842976    0.835530735732    0.155957091201    1.42844798793    0.9672    -0.566878979384    0.591031498349    1.05758511258e-22    0.0    13.2086770012    15.0625389853    20.033702324  
4181963.3766    -9.5759762017    1.00048790595    0.0159840645819    0.00394874181996    5.41401519085    1.69172665001    -0.205101110359    4.82054198898    0.924604613187    3.98010351759    0.9794    -0.627280879575    5.27792566834    3.04149551818e-22    0.0    30.2779959104    16.1918257987    34.3355829869  
62865503.9619    -9.17532683588    0.650264272949    0.0336072792554    0.0055487317524    4.84023752082    3.5146128334    0.774332608791    1.40906087078    0.796023275928    5.00533831414    0.983    -0.107745976846    0.458335485346    1.34146806334e-22    0.0    18.6647810066    18.3107677183    26.1468595525  
42677314.2111    -8.78378232547    1.33976329438    0.0891951640604    0.00268195731377    3.88369661852    2.95227744531    -0.166415637989    0.831256663871    0.542404292695    5.0856907569    0.9978    -0.249812686883    5.39086508558    8.84714264666e-23    0.0    14.352400045    14.5766340661    20.456530687  
22862734.363    -9.55949927634    0.159251884172    0.195367866655    0.00792464931176    2.65503449978    0.0525890384458    -0.0440328448518    5.13434596826    0.9941304709    5.12915817206    0.9885    0.674671265843    2.01122869033    2.89343676573e-22    0.0    37.0240087248    38.9291177268    53.7238627524  
16919279.0052    -9.08272693123    0.906577977711    0.162394578033    0.00388256578607    2.36363269644    0.606493953043    -0.28603863566    2.62517463683    0.662308940194    6.07124194602    0.9738    -0.373231111017    1.20963938683    1.19025202328e-22    0.0    18.8771206217    17.5279272894    25.759928533  
8199235.53437    -9.13569645754    1.22202206627    0.0872107283723    0.00302158398686    1.16081189001    1.79103573671    0.279676517136    4.08081238327    0.0392862140026    3.09385634137    0.9715    0.782298431065    2.94162690533    1.2719400883e-22    0.0    23.1769643794    22.2412944169    32.1223731251  
40880999.0238    -9.06971903794    1.74022719814    0.0628560119655    0.00183119811697    0.43233753591    2.08746435354    -0.758534366402    0.547121085765    0.645285028506    5.89879081789    0.9789    -0.381803844622    2.79897407305    1.17193038638e-22    0.0    20.5371410187    22.4146800753    30.4005270366  
60243340.0657    -8.97168157313    1.7353391093    0.0211652183132    0.0018883101827    1.20068114087    1.59649946544    -0.703566618595    3.57633704381    0.209727572017    0.552184037227    0.9897    0.283502857173    5.32192124171    1.05153576252e-22    0.0    20.0187895836    19.2056840375    27.7418498976  
12551542.8773    -9.0670266711    0.0804531278415    0.02833309337    0.00984025064831    1.09399501006    3.72865055995    0.422940873165    5.16853358585    -0.10103100389    5.58699051545    0.998    -0.869506027516    3.54410001624    1.16819727104e-22    0.0    14.5682825077    14.5400309429    20.5826955243  
31400778.2842    -9.08454945288    1.17001325876    0.120701139015    0.00309888923107    2.23312363359    0.251910894377    -0.0949015526694    0.26540892471    -0.0230016444537    2.76528580355    0.995    0.659024501051    5.02764817628    1.19290849503e-22    0.0    22.0650173921    22.1239018239    31.2463121732  
27701176.646    -9.55935961153    -1.35801202731    0.0909647503707    0.0397647588896    1.50747382336    2.9766013598    0.552808389116    1.57388149558    0.218713960235    4.04910137957    0.9797    -0.531139845975    0.597030813564    2.89213117479e-22    0.0    15.0007628148    15.5121225487    21.5788978168  
22993797.7898    -9.19550430751    1.21287108835    0.126702904853    0.00295365071182    4.14932301741    5.55851557615    -0.288160568003    5.10753424322    0.978549007586    3.56790911039    0.9961    -0.420130665459    6.09432340116    1.38015982343e-22    0.0    19.9335012049    20.5998241173    28.6652616236  
23130608.0302    -9.34436311606    0.0285397634841    0.180174878024    0.00917709768647    5.82409454081    5.59277051029    0.403335489331    0.0742608214893    0.0513737018446    1.09902689102    0.9746    0.539008957959    4.15325074965    1.75626472677e-22    0.0    19.0302864695    19.6808869435    27.3767988266  
59224335.6294    -9.17423354997    0.451723431294    0.094352209424    0.00649253356608    0.103849375852    5.11515373221    0.931308501184    1.70427571368    0.705689853084    3.63589574184    0.9758    0.567681722638    1.20584333883    1.33941755148e-22    0.0    20.6521547739    20.5820535963    29.1570304908  
38830737.9466    -9.21629548499    1.12461416765    0.141992477024    0.00318262307805    4.19787734886    4.67122877036    0.564021993927    3.43139660221    -0.137962229192    1.47409770053    0.9808    -0.451655242075    5.99501375014    1.42241689867e-22    0.0    20.6088292942    20.9083929847    29.357873596  
48340145.4731    -9.43669283534    1.13240300001    0.00666287589806    0.00347794524458    2.10664720302    3.30513725369    0.602759280116    0.644159874271    -0.405388404103    1.21289115288    0.9885    0.0535075176024    0.518330896625    2.1149782303e-22    0.0    33.4830601473    35.1116172741    48.5174296973  
22714760.1713    -9.14382042649    1.626981863    0.0138732284469    0.00211287122709    4.64439710783    3.96690522535    0.739570418974    0.305628196472    0.695917196299    1.88011298947    0.9934    0.099553453094    2.39008283721    1.28562614893e-22    0.0    24.9631642193    23.330445686    34.1682493515  
40792608.8041    -9.00838982924    0.856114967658    0.184474550499    0.00399353354229    6.21276834425    1.48512734201    0.0461128562971    0.085148618884    0.995997547791    4.47781569411    0.9879    -0.591008948378    2.85947758986    1.09319837891e-22    0.0    20.2927227664    17.4682145369    26.7756067416  
50051255.8182    -8.63001294017    1.94852349406    0.0762354226497    0.001473043812    4.32246526348    3.77592823686    -0.732530858665    2.32132135473    -0.0247011606239    0.53784087663    0.9775    -0.554103992693    5.32730963492    7.88644254e-23    0.0    14.273120539    15.0044460842    20.7088235352  
61482474.9888    -9.1351023755    0.969792305106    0.0484024351518    0.00399450764019    3.21640988641    1.79439634811    -0.503723691907    5.59633686671    0.0754246295533    0.922952105069    0.974    0.939969325496    4.25879678582    1.27095098625e-22    0.0    25.5659942331    26.0497670974    36.4994578995  
15479585.9096    -9.02785684514    1.05447250155    0.10711038262    0.00351780345452    1.10394549867    5.92831165951    0.362139890914    4.7803295121    0.578995655908    5.33336964724    0.9727    -0.0694174873671    4.92674513518    1.11693928904e-22    0.0    17.5423075599    17.9602112796    25.1058109555  
15218520.2557    -8.88610025148    0.613905325195    0.0899413978602    0.00553914634617    1.89597293546    5.88211457524    -0.100229120873    2.25887936564    -0.873479368109    5.76868659426    0.969    0.37978958553    2.50703603679    9.67050561014e-23    0.0    14.3379219473    14.7708310719    20.5852728017  
10511523.7037    -9.37967168986    1.1302477086    0.0735986475494    0.00334507426948    1.86774465147    0.152859162265    0.342814241441    2.84309902426    -0.600961617449    2.00059376998    0.9832    -0.101646450785    4.29474539916    1.87809464853e-22    0.0    19.7201754244    22.8442922736    30.1785852592  
49272792.25    -9.27575328706    0.895225585714    0.0249872460029    0.00436507210003    2.93160385999    4.82729700595    -0.318906703722    6.10626620241    -0.646512113687    5.1255113081    0.9719    -0.828313476758    3.68236596611    1.55962730294e-22    0.0    24.7668887436    23.2285324896    33.9553162209  
53746605.3244    -9.30629327198    -0.392986377001    0.120814455951    0.0147899403741    5.91231000722    0.097672591119    -0.460802106029    3.85308226693    0.550360814045    5.83889680195    0.9973    0.280079789077    0.86230680721    1.64132164199e-22    0.0    15.5074696545    15.868517004    22.1876417627  
46348226.3977    -8.97990149124    0.787664473239    0.155111210841    0.0044036197993    5.35846101899    2.52323576741    -0.168499144864    4.90777448821    0.614771585446    4.67226692738    0.9683    0.242605454528    5.70018982082    1.0605585715e-22    0.0    15.872010215    14.3063664236    21.3680328648  
58051488.2161    -8.94104042293    1.5879904318    0.172036082694    0.00194554404523    2.79543128211    0.294080157248    0.768521858623    5.33055301362    -0.438657001953    4.4111125168    0.9667    -0.495381860295    4.61183417793    1.01938056583e-22    0.0    15.4746558427    15.5034360578    21.9048283045  
17860051.3474    -9.19013198377    1.03864177484    0.115849072038    0.00354839470864    3.95333800455    3.34727398359    -0.430018036168    0.131791444883    0.691740406559    2.8245148506    0.9778    0.741935739512    1.57553203745    1.36959439758e-22    0.0    18.6943590034    15.9214015316    24.5554491972  
28202193.3118    -9.1104643636    0.753119399257    0.122875623437    0.00469306705305    2.10359346161    2.10028225762    0.245611356002    2.23865753602    -0.407489862442    5.50832080675    0.9768    0.282046569574    0.486997703517    1.23161148186e-22    0.0    19.2574152389    20.4881246611    28.1178109712  
38438627.6183    -9.39703272617    1.49120140307    0.140403469312    0.00220905332965    1.62438868505    4.54825931319    0.560239830973    1.73247360575    0.914105486982    1.1652726005    0.9906    -0.910584850901    4.46515784637    1.94466684143e-22    0.0    45.2071031303    41.4701746193    61.3470256523  
15626128.8684    -8.96746158583    0.410276722403    0.000423722617891    0.00718323738466    2.38798126121    1.02355630964    0.304012015191    3.14176808392    -0.996640485122    2.71690636958    0.9734    -0.558320967061    6.16488929923    1.04695886852e-22    0.0    16.3661163648    14.5961002397    21.9293389566  
14052476.7751    -9.03642962155    1.06777428353    0.0528942134801    0.00361121934876    5.64388543737    0.578964355422    -0.333085993052    0.66653566875    0.546765551242    1.28135794826    0.9748    0.664808484949    5.99931147054    1.12775680787e-22    0.0    15.3315294547    15.8482271586    22.0504444285  
62277745.9896    -9.09340543835    0.385876872492    0.136915842106    0.0066928152268    5.0159042448    1.37966477751    0.712293147203    0.257682335212    0.749162183049    4.15366997422    0.9736    0.0524026958808    0.935108767661    1.20589181998e-22    0.0    15.2417459341    14.1456750922    20.7944930916  
52485228.948    -9.09161045943    0.780953385296    0.100794823323    0.00464782333753    6.14305020704    0.831066867926    0.465824588248    6.09165922884    0.84990044027    3.34848512799    0.998    0.458628960671    3.26279437417    1.20324861479e-22    0.0    20.4684821259    20.2783325194    28.8126626729  
42155861.2817    -8.72670250664    1.76940138126    0.092991687507    0.00174023517302    1.47179849348    1.05748651686    0.50655610055    3.96779799679    -0.927138813355    4.37389480939    0.9735    -0.452249396551    1.63623760654    8.45742106734e-23    0.0    17.6465251459    17.3345226841    24.7363199852  
52451222.0304    -9.45842196199    0.183883373435    0.00345813682269    0.00899446712593    0.389032165679    1.778630257    0.752148713678    1.71707169212    -0.260754514985    2.60996306274    0.9695    0.350634422861    4.33822119875    2.22155480786e-22    0.0    30.1356968716    30.0751319876    42.575506926  
13405818.6425    -9.0072635218    0.728757026909    0.0768229190602    0.00498620565098    0.319897984353    5.93565983142    -0.522902174905    2.46659346394    0.311048753387    0.306305182716    0.9925    -0.126496379941    6.14781520263    1.09190043234e-22    0.0    15.3320628574    15.0028731394    21.4513019162  
28197249.8535    -9.10088260196    1.49975864916    0.195699258863    0.00207324211878    5.3612240897    0.996579355692    -0.663371406629    1.77424219358    0.392912176277    0.538900881857    0.9703    0.537442731918    0.0334719502203    1.21694439613e-22    0.0    18.6391582167    16.3526399729    24.7957063443  
21375760.1733    -9.47004077147    -0.31887683638    0.0310979484393    0.0146464148147    0.0311011217768    3.01682669938    -0.711627824994    2.75902391433    0.749758027508    1.9784690817    0.9672    -0.981498317386    5.16293543032    2.28299749318e-22    0.0    25.5943145676    24.4643003866    35.4058036428  
49168666.2318    -9.36163234777    -0.390991083972    0.0111564375599    0.0159183974027    2.71827691453    5.11850161744    -0.981105880293    0.739429334076    0.805723704539    5.16777940925    0.9786    -0.644885220543    1.4244975234    1.81396779602e-22    0.0    19.4720645494    19.057065541    27.2457894884  
4408904.5042    -9.45250590219    0.41476199682    0.135128356001    0.00651265764769    4.5979474222    3.83159456012    -0.790735119743    1.1431606073    0.647269094155    1.59051563971    0.9772    0.79209155606    0.292635716061    2.19157935763e-22    0.0    21.2595139461    21.0664540043    29.9292902947  
31771040.0012    -9.16916304983    0.712150618249    0.124852064464    0.00488104919619    1.30363625192    1.05217940547    -0.634185513605    5.89074705513    -0.73583820119    1.84868592872    0.9767    0.780771056074    3.0883138425    1.33016591057e-22    0.0    23.8514075363    23.624686676    33.5710509518  
27608064.6357    -9.21303057979    1.28238253259    0.178931888837    0.00262254830716    3.74712842334    2.21361732327    -0.322786053436    3.69692756283    -0.742907660513    1.68558698937    0.9771    -0.735685397922    5.71373131576    1.41553958352e-22    0.0    19.8286354931    20.0266531141    28.1822926759  
42051545.7576    -9.5093764411    0.105758390229    0.114871704186    0.00902674728157    1.87400789739    0.359387202441    -0.768670221957    2.50736064043    0.658479266111    0.959387402332    0.9733    0.795781468158    4.14371348952    2.5172758752e-22    0.0    30.8836135006    31.5738086666    44.1667632567  
50436281.5825    -9.32429107734    1.15661574895    0.144966085864    0.00307399599111    6.16857473993    2.53738423482    -0.555210878875    4.15305787579    0.805723704539    1.18887397877    0.9838    0.840419932438    2.42980141428    1.69371092019e-22    0.0    29.0191143663    29.4897639012    41.3733630921  
31117143.2314    -9.32672282386    0.805112102329    0.166172281934    0.00428130477024    4.33591838426    0.255374428915    -0.185022336907    4.12254344362    -0.857300880218    0.535869130739    0.9783    -0.935909368562    4.30184880416    1.70096247571e-22    0.0    20.0120470701    22.353348039    30.0025698314  
45720889.3888    -9.02912986751    1.50243383082    0.139695544781    0.00218578099087    3.75093862764    5.79739502369    -0.360275601885    4.02902822738    -0.680323308657    6.08054228181    0.9808    0.960506344321    0.797034524228    1.11850747708e-22    0.0    14.9566991633    16.7128783653    22.4281776593  
55618781.6301    -9.13968134774    1.34260702961    0.13214306456    0.00258196351452    4.06889995452    0.854191355182    0.0264005971167    5.60823630684    0.468061901495    0.286313758923    0.9679    -0.29619318321    4.34902465717    1.27861072299e-22    0.0    20.7492467134    23.6107969949    31.4324827831  
37566919.5865    -9.44943582052    0.293492483468    0.0469289118612    0.00786290850893    5.50813094953    1.25608274831    -0.356145437392    5.19535172745    -0.81637361861    2.35081871014    0.9704    0.8347709931    5.04424509669    2.17605530919e-22    0.0    23.5899180889    22.8943330742    32.8730090249  
26965663.536    -9.04049433059    1.36258511956    0.175713054527    0.00242839707714    2.99536385328    4.93128074629    -0.0562087742523    2.9734209646    -0.131025843315    3.53192665898    0.9848    -0.805253801263    4.28434032383    1.1329072028e-22    0.0    19.6006757997    17.4324827619    26.2312399068  
7544651.21613    -8.60574605225    1.06948625    0.0219184043715    0.0036733813971    4.39295659563    0.4951925582    0.470233576929    3.835218017    0.916041236035    1.3298053001    0.9946    0.202655758239    3.84352127515    7.75817037758e-23    0.0    16.3762469777    16.3430900885    23.136076995  
12120471.7766    -9.25741275317    0.330551574058    0.00634562929754    0.00775592889154    4.34118775491    4.71686026929    -0.224526586751    0.382793563631    -0.0331975724555    2.8621449689    0.9811    0.55098795156    4.85306157939    1.51444732291e-22    0.0    18.4413172362    16.7371126194    24.9040783857  
16664581.7074    -9.23525316165    0.134195840248    0.0367272454082    0.00927911654663    0.722740782525    1.88236518871    -0.189598557713    2.57983231968    -0.044289181305    0.26783035713    0.9797    0.8598812306    5.83983607505    1.46342562821e-22    0.0    16.3032818231    16.499780193    23.1956837498  
31024227.2173    -9.10008825064    0.534618553972    0.0624617275642    0.00611562286669    0.699984360665    1.81468281371    0.0263807120481    4.88330990651    0.851372547975    3.02066725594    0.9768    0.269512497018    3.70699411355    1.2157821264e-22    0.0    15.0314252166    13.7764910925    20.3895917287  
56201659.8599    -9.33132614305    0.493113673229    0.188676600622    0.00571596356155    0.250048450931    0.0177264285807    0.0320814663815    3.43320318001    -0.1600128525    1.1647357742    0.975    -0.954836919184    4.50550781896    1.71524758184e-22    0.0    24.2255375964    22.3345054043    32.9500653033  
20798721.8721    -8.89886028124    1.24310601936    0.0432602039213    0.0030491033387    2.09229956962    4.23720901003    0.110104155111    0.762795350627    -0.503809890119    4.66141393402    0.9805    0.271368090909    4.80032140295    9.7860239638e-23    0.0    15.6096803326    16.5939423285    22.7820333176  
53557888.4407    -8.96591742246    0.80395112711    0.0754234402491    0.00462966732908    1.74169602451    1.24507921348    0.30327545522    0.0627700161682    0.737050926833    0.604124807432    0.9946    -0.647159658563    0.839386086908    1.04529010607e-22    0.0    16.1322186115    15.4769422264    22.3558542223  
49520306.4963    -9.05341986557    0.710692221273    0.00290314334982    0.0053126101878    2.59448486487    0.940639964622    0.502835539644    3.23467050741    0.148247867253    4.57852082915    0.9801    0.26218705111    6.13736297539    1.14984367536e-22    0.0    15.0528775259    13.2318908899    20.0417578654  
54252230.1345    -8.94168027842    0.803320352148    0.00941806384759    0.00482631841981    2.88870485667    5.83424287194    0.68091536507    0.930824656419    -0.123785350067    5.90500232034    0.979    -0.225745360491    3.25156573615    1.01997114922e-22    0.0    15.9194356053    15.8178334956    22.4417531954  
26898930.1997    -9.06596027733    1.1087027316    0.0261507182024    0.00352362904195    5.03361298945    1.63822717753    0.0743506456646    1.85739716686    -0.144792909473    1.04565517287    0.9963    -0.853385655355    3.82268295845    1.16680575949e-22    0.0    22.4456716716    22.8385082071    32.021955498  
44595600.078    -9.55170793258    1.14518137544    0.00222776146173    0.00344160083288    2.55484689394    5.10798483527    0.801267519665    5.75186055288    0.4096736885    3.58933539423    0.998    -0.246604324798    0.21105585884    2.8280574987e-22    0.0    60.7539131375    61.6993087561    86.5900840888  
37305836.95    -9.25617442682    0.551686776793    0.0316223923495    0.00613078666505    5.64488517994    3.40937543571    0.192926179888    2.2866830564    -0.127356852688    5.70758080058    0.9929    -0.285886560626    3.28694410219    1.51145878639e-22    0.0    21.2786665871    23.2150649687    31.4916003598  
38317496.1451    -9.15568835124    0.458064929027    0.187853525737    0.00592500076901    5.69404761014    2.57663652785    0.344854641995    1.66498446347    0.807732834942    0.0777047929757    0.9836    0.573581082668    0.832092294741    1.30606580328e-22    0.0    18.3504171525    16.370967742    24.5915919469  
60508994.4    -9.50071265224    -0.721876726689    0.045714633795    0.0217212881394    5.02873904301    0.17158040424    0.359629043927    1.497279602    -0.388592614341    0.0655487012246    0.9749    -0.557021019555    0.23379333159    2.46168236251e-22    0.0    26.4131849757    25.5063645071    36.7182648137  
47963423.9651    -9.18574907488    0.966578858637    0.0895038769309    0.00389423789    0.568850206661    0.659940530413    -0.453809608849    1.3115597306    0.143103344894    0.854586620708    0.9719    0.794848982089    1.55318764858    1.36118727742e-22    0.0    26.1655539743    26.7099610454    37.3906169223  
