tPlunge     logmu     logM     ePlunge     nuPlunge     gamPlunge     phiPlunge     costhetaSky     phiSky     cosLambda     alpPlunge     SMBHspin     costhetaSpin     phiSpin     Zeta     SMBHQuad      SNRI     SNRII     SNR_tot   
29103791.1592    -9.60947388356    -0.676134498275    0.146148053582    0.0191947661994    1.15999752862    0.545397483825    -0.575562407794    0.26491953731    0.129927963282    1.92649571359    0.9874    -0.348642262864    4.3041116609    3.39278311608e-22    0.0    16.6288597395    18.8076732072    25.10473158  
61255406.2008    -9.37391234412    0.0206348352993    0.0261856181302    0.0104597995178    1.24344549272    0.398498435029    -0.154580227649    6.2590717852    -0.653351970915    3.30178162103    0.998    0.326655404539    6.04188999932    1.85721839199e-22    0.0    25.9638249028    23.6559594483    35.1244163083  
29646629.004    -9.37722427881    -0.577895345937    0.10324328746    0.0180529033019    2.315134427    4.09529261833    0.199401079798    5.26254670175    0.443227830289    1.12589608295    0.9771    0.694039698344    2.41732214354    1.86934216325e-22    0.0    14.0332956528    14.5327273513    20.2023154897  
55800335.5795    -9.24479202337    0.296429826472    0.0574979268738    0.00778629406319    0.649029105643    2.26790133852    -0.877358962661    2.9831531422    0.645972314786    3.76133169757    0.9775    0.772459608381    0.927981558737    1.48503246111e-22    0.0    21.1169216484    21.202278053    29.9242539513  
60926168.3905    -8.98386018495    0.867519876917    0.191975032116    0.00391710057812    5.95365319732    1.44654825903    -0.621094535014    5.14537210612    -0.108191482887    3.05371847494    0.9979    0.527272881391    4.45030518551    1.06498255195e-22    0.0    19.9466350936    19.4284842069    27.8448244766  
33129800.7623    -8.82048940144    1.4734475153    0.0642496967211    0.00238882344433    5.62475370126    3.3098429415    -0.110146180761    0.0721965187123    -0.663587170851    3.9902379674    0.9863    0.400673732327    2.77930824951    9.12281511445e-23    0.0    16.9444859221    16.2428739223    23.4722507745  
59297529.6033    -9.13844295749    0.743331227607    0.0610390734457    0.00496838822762    2.50143686819    5.40970291979    -0.169073714511    5.09409670919    0.862655371688    3.04127032817    0.9879    -0.447266298701    1.39605433349    1.27659462792e-22    0.0    23.6577396054    24.0280835705    33.7199858142  
41413169.9291    -9.14308333704    1.41657189943    0.0778942286246    0.00250449732585    3.92929397344    1.34324852911    -0.0792142375143    4.18070218924    0.968140815045    2.19853065784    0.9772    -0.830473132099    1.61447556552    1.2843637845e-22    0.0    18.313012369    19.826637488    26.9900347556  
28176531.1396    -9.52079979254    -0.456903832483    0.026885077236    0.0168554757779    4.74016550831    5.13001810724    0.305932919627    4.26984537826    -0.692900251668    2.42890744448    0.9698    0.611504555992    5.96293349274    2.59419177734e-22    0.0    20.5083693453    21.5091426443    29.7192939098  
42435831.2008    -9.07465244706    1.08550427577    0.153790984199    0.00327344044382    2.88212619378    3.49365108219    -0.823407765767    3.40078084093    -0.413234959077    1.48354817567    0.968    -0.0444034139625    1.37243761281    1.1788509174e-22    0.0    14.8533464444    15.5321868926    21.4911779636  
15827622.9085    -9.28091989492    0.890058977848    0.0163140806232    0.00440899076863    1.15605961997    0.966606374345    -0.905298061514    0.593357993366    -0.518763240231    5.82551516789    0.976    0.936043297418    0.81423654829    1.57299468993e-22    0.0    20.9723861329    18.9470419708    28.2636052115  
30250854.3369    -9.25287970054    0.576395544433    0.16614955816    0.00538165952517    1.07881901808    5.4524240808    0.546209178813    4.24355757108    0.224759609705    1.70495836066    0.9781    0.696587036763    6.22180504839    1.50368753893e-22    0.0    19.0366044287    17.8568685372    26.100959027  
46069421.8565    -9.10535153708    0.802441859563    0.170975271356    0.00427230841898    4.40131118462    2.42498190032    -0.741265093149    1.30111895561    0.644138390135    4.64588324449    0.9928    -0.99397227972    3.93230716538    1.22381517995e-22    0.0    20.4244199734    20.4797988009    28.9236769823  
44726144.2968    -9.22720604284    0.449177551959    0.192419673882    0.00594897485041    0.100665826317    4.15946262858    -0.927865001129    2.01195666361    0.161190024584    6.01325877358    0.9967    0.105276835027    3.57810641919    1.44575656455e-22    0.0    20.5146490159    20.4898895187    28.994592543  
42116847.4486    -9.01040425319    0.925710940098    0.0735924480977    0.00410427891247    3.71813679747    1.87355992723    0.140312518325    1.43185530524    0.316555775606    0.342827267699    0.9756    0.0375668665857    2.09709584025    1.09564243447e-22    0.0    15.811210275    14.8946396084    21.7219856234  
8633836.38881    -9.40137577372    0.179680798227    0.129958357804    0.00827630785834    0.681245596746    3.33032388975    0.921618317118    5.01561560733    -0.28192861477    0.360611512869    0.9875    0.136693306007    5.86950389827    1.96203570426e-22    0.0    18.8852654984    18.5756504981    26.4897724485  
54497940.8574    -9.16906851846    1.17437397777    0.11809846685    0.00309219223818    4.72842046813    4.97508706297    0.497495560953    1.27917643554    0.458046469719    0.632185912873    0.9806    0.749279216168    1.24517371657    1.32999459398e-22    0.0    22.8966810927    22.1830690743    31.8801906929  
16703695.5504    -9.01436433433    1.51420600338    0.0499328302672    0.00231527271868    2.8151858547    0.130437289759    -0.312011590822    1.24731140618    0.958329618058    0.959933525348    0.9802    -0.391285296653    2.4210670444    1.1003854512e-22    0.0    14.4431676276    15.027642356    20.8431073955  
28869470.7105    -9.2742820031    1.66622080775    0.123209279462    0.00188268623609    5.92944116329    6.14673647473    -0.945722656842    4.60085771746    -0.987686303592    1.35094798796    0.8303    0.320200630254    0.975524082485    1.55605676575e-22    0.0    25.8108488006    28.7090488292    38.6058208109  
23309155.2517    -9.00597786473    0.840106251422    0.0805239544061    0.00444884189225    1.24317282602    4.78551788421    -0.937271111346    2.53260072861    0.269618007576    4.08493787411    0.9726    0.348435042182    0.81404771919    1.09036453908e-22    0.0    15.6619952912    14.9969835823    21.6842710984  
48192903.9996    -8.7827540147    0.817644272025    0.00718268224468    0.00476325043453    2.99280002243    1.31490329355    0.654366627495    5.50665751593    -0.488878490529    2.30409417145    0.9832    0.54645487175    3.79014059866    8.84000844507e-23    0.0    14.0504329173    14.3222387225    20.0634290984  
31166435.5436    -9.54006507431    -0.583469579587    0.17472937332    0.0170182153733    2.06503962496    0.645654616008    -0.168912337757    5.26850819142    0.50923556527    0.97880548791    0.9842    -0.0444850026134    5.30374907286    2.73505857657e-22    0.0    17.5811304451    17.6054807374    24.8806973319  
58299051.0133    -8.98811065378    1.12023790446    0.151806736214    0.00316762876778    1.54724869626    2.38856018475    -0.977225650673    3.14512233484    -0.175391750879    0.438353908978    0.9783    0.27562126574    1.4052549667    1.06972139327e-22    0.0    17.2770248404    16.7134585531    24.038204678  
8358807.45934    -8.86046818987    2.08740289328    0.135973248468    0.00122183340885    2.23365777504    3.30821438492    -0.484244138971    0.804252185494    0.121594680533    0.800111546292    0.9708    0.195145751797    5.0104089959    9.44751905219e-23    0.0    14.7007626487    15.145861632    21.1070970773  
23870420.7028    -9.00193081735    1.00234089469    0.0547499583352    0.00385074579977    2.46458525239    5.10585811866    0.147477118625    4.48356441921    0.0420838947413    3.86672708883    0.9804    -0.00587290031498    6.19562217979    1.08565863208e-22    0.0    19.6239994062    18.6319271119    27.0601193751  
37287365.0554    -8.68326262384    0.536288088513    0.178343201985    0.00553363327268    5.80862465865    5.48926328219    0.150519375105    3.2806613584    0.990160099751    0.942560786232    0.9761    -0.618847919958    6.25023716354    8.18818299502e-23    0.0    14.5310610144    14.1611528246    20.2901449853  
27892494.299    -9.47439277833    0.405309080175    0.0296363067264    0.00710548090245    6.12508570052    1.66424218604    0.0430598143528    4.58244617683    0.200331557357    4.88730959537    0.9854    0.97824254359    4.26692879578    2.30667548125e-22    0.0    39.7370927074    37.4710550452    54.6179137558  
26387447.4431    -9.36651474926    0.437892576704    0.188048767581    0.00604449043063    3.68675681793    0.896636981571    -0.362771651898    0.944905671343    0.631197625223    5.43689726572    0.998    0.261824356973    3.35794967434    1.83090229516e-22    0.0    20.9088398018    23.8946461692    31.7511211992  
60717779.9513    -8.88995409582    0.870934371896    0.162750661066    0.0040220533428    1.16191126173    2.71693337182    -0.676892747228    4.93792599031    0.194449617711    3.78336069303    0.998    0.0458737173584    0.82672719738    9.70483263275e-23    0.0    16.8013554208    17.1903947567    24.0373712345  
58551589.8187    -8.92695489368    1.35040341039    0.0428303238697    0.0027396157809    2.81873206262    0.740480018851    -0.983933218295    4.24232675805    -0.373058823138    0.429617387543    0.989    0.38938698441    2.08808805052    1.00531626987e-22    0.0    15.7772384912    15.8480118971    22.3624850028  
29743868.2453    -9.06149380032    1.60039621427    0.195065861474    0.00187603290732    5.39007258518    1.8676571926    0.14211843212    5.84373733255    0.39943120772    2.36037374413    0.9672    0.470190568395    2.43807605589    1.16062774951e-22    0.0    17.5986137969    17.8339841633    25.0551830708  
29669051.5247    -9.49049243749    -0.279231031479    0.127495952093    0.0131241795328    0.120341383747    3.1651184303    -0.07518976612    5.63685212113    0.30848155905    2.15447147288    0.9702    0.241167455514    4.73681529077    2.39888416584e-22    0.0    22.5336865491    23.4677514553    32.5346336673  
37082751.0527    -9.72301696672    -0.0371927730355    0.0729521704515    0.0107551831251    5.36668106942    3.1980341367    0.250324027625    1.19257944008    0.354889925936    5.19793997082    0.9782    -0.18246542582    2.89256055097    5.49805076639e-22    0.0    75.9483366695    75.8644367542    107.347857952  
42125130.3347    -8.82819024641    1.38999162077    0.193602061208    0.00231900508624    4.42315461964    2.0503727445    -0.598738408353    0.66722814921    -0.184048436691    0.16306969651    0.9831    -0.715658118915    5.51431033064    9.18298099389e-23    0.0    16.3958989443    15.9941628125    22.9049939154  
31205152.7728    -9.11892438586    0.597984706575    0.193402138475    0.00512105074266    4.55280900221    1.60249793825    0.552716461451    1.7239260505    0.148148971489    1.40080466207    0.9682    0.0229535470088    2.31930167073    1.24479789631e-22    0.0    15.5386573938    15.7734220349    22.1416060008  
54773902.5616    -8.82889633053    1.82102024159    0.000614294710851    0.0017522682389    5.24803606461    5.15581794731    0.284253367467    1.38148851332    -0.595512675552    0.919218039009    0.9769    -0.352188544703    0.875576823008    9.18847065641e-23    0.0    17.1218632158    16.169765831    23.5503615049  
34799611.6297    -8.68419350591    1.45938460425    0.182990182705    0.00218792349684    2.43291820101    5.72360263726    0.561728358316    3.36057811291    0.759208618838    2.60862361641    0.978    -0.878779086265    1.44094364391    8.19356822561e-23    0.0    14.707135835    14.6851012986    20.7834560317  
45947309.5156    -9.2166919564    0.209400638793    0.0453638403629    0.00856116460315    6.21503641422    1.01245214029    -0.742962344942    3.24986007559    0.874690229479    3.1943683248    0.9869    0.365307841942    1.64524246673    1.42315259242e-22    0.0    14.4199707427    14.1579233744    20.2084722455  
21874155.8552    -9.10623884859    1.08684484108    0.102837477145    0.00341743165454    3.32515611224    2.39942509797    -0.471502867136    2.47465029468    0.857605837012    3.12296633289    0.976    0.411659468771    3.52392377234    1.22507776643e-22    0.0    15.3767637167    15.4415919565    21.7919164956  
46903148.4412    -9.41881772669    1.61447926341    0.173180607268    0.00189250401846    1.71374285047    5.37931215731    -0.393610859257    1.37919451518    0.183549733525    3.41588208805    0.9908    -0.710179870023    6.04438406376    2.03486039986e-22    0.0    48.3252845968    49.429346411    69.1273709755  
60813671.9917    -8.68317539805    1.06205549103    0.090454850856    0.00353707786267    0.647140438276    1.05720268141    -0.123439120023    4.92336778749    -0.819193674952    2.17359684847    0.9683    0.0106719165888    4.96117731116    8.18751227385e-23    0.0    16.3966447496    16.0389337206    22.9368122009  
40555133.2823    -8.9506435213    1.05132560564    0.118462070517    0.00349601208904    1.66775392701    3.76112180904    0.385898912452    3.88763252629    0.772454042817    0.948431962778    0.9893    0.12137414224    1.59258024114    1.02918853286e-22    0.0    18.3593241859    18.4835925292    26.0520244386  
35302235.3642    -8.83108499413    1.50429845429    0.149003104634    0.00216312070271    0.090502183553    6.08364049292    -0.184262736425    2.67608729878    0.37045267889    2.87119911428    0.9832    0.865935958535    4.0762948346    9.2058975722e-23    0.0    14.445615125    15.4409415264    21.1447031561  
31082536.2732    -8.94496125736    1.34160738708    0.0911158853855    0.00267312095203    2.51085839707    5.74459363423    -0.675446974111    5.4971063148    0.632825038532    2.82937644257    0.9756    -0.831015394472    0.234091645504    1.02335603522e-22    0.0    19.6286967133    20.012404666    28.0318047079  
53324063.1019    -9.05325147288    0.302842535487    0.0212882800846    0.00790985919713    0.183767728197    5.03121665249    0.325805563579    1.59194701184    0.712669513125    0.672866142723    0.9692    0.583694528981    4.67416818049    1.14961864367e-22    0.0    14.9189486113    13.9923921135    20.4539009659  
8953523.1044    -9.55705795402    1.57133580042    0.153489227268    0.00201434888064    1.44628184131    0.329273068117    0.0510522791626    0.676466355059    0.188855287872    3.07809023479    0.9885    -0.941265428109    3.58275355846    2.87212991473e-22    0.0    48.0571909046    49.74043567    69.1636070364  
22108327.4256    -8.84189627663    1.62818839972    0.00259214713716    0.00212281919913    2.57779162711    4.22840151363    0.520969870159    5.0733945    0.311808968936    5.23605214276    0.9743    -0.688548376033    6.12087631267    9.29324096444e-23    0.0    16.0560526852    14.2357881092    21.458203348  
54168578.9233    -9.35318770099    -0.361362654334    0.0837142981784    0.0147577555628    4.7109874988    0.38460726794    0.697713453046    5.85115992459    -0.545766570754    1.25179262039    0.9885    -0.903973521329    5.09828560841    1.78511093181e-22    0.0    15.6568908853    15.0446413164    21.7135778842  
60256289.0451    -9.12492093215    0.562975588109    0.071194810021    0.00590889862262    4.90362793558    2.899559277    0.936197317053    1.94728331677    0.867122697249    0.33969343311    0.9911    -0.851650934051    1.11493293227    1.25441452598e-22    0.0    19.672431895    19.7317294627    27.8629812521  
54593336.5463    -9.46221655293    0.769550566298    0.0694400531658    0.00481200468501    1.49048644689    2.51511016148    0.172272017961    1.31316862965    0.492357583513    0.943578440672    0.9863    -0.0742839054115    6.0651583141    2.24111792242e-22    0.0    45.4945138176    43.2783078411    62.7914223209  
16400768.5353    -8.99424260851    1.87902471762    0.191345561493    0.00142549405957    6.07649833236    1.44352379867    -0.45453702179    0.905321417252    0.422857524768    0.301403910399    0.998    -0.411270295877    2.13102318441    1.07673779261e-22    0.0    14.4407577775    15.8283613927    21.4259774472  
52225277.3075    -9.78826303311    -0.146187956199    0.132166955949    0.0114423806753    0.692409949266    2.92433605912    -0.816648700759    5.9926587176    0.50380354417    4.68548460888    0.9922    0.130726849682    0.678720454067    8.38754760603e-22    0.0    86.5607560922    76.580305527    115.573819223  
35567029.7798    -9.43391719747    -0.533965296034    0.0549505531419    0.0178935699976    4.9265587059    1.24923246987    0.250122797312    4.95092720635    0.31380358404    3.00557982607    0.9767    -0.4974102341    3.67755632964    2.10197847042e-22    0.0    19.4101540342    18.8937054547    27.087380557  
11381991.6933    -8.76543260224    1.48728804134    0.195093789241    0.00210063034136    1.95431715667    5.60713658219    -0.586658007176    1.01544833954    0.707529620055    6.22854502884    0.9963    0.872296117315    5.41403970402    8.71699088938e-23    0.0    14.563036282    14.1542892217    20.3082724308  
48358875.3992    -9.29754874902    0.112656009024    0.0829105312638    0.00919209064651    1.13706942616    3.63979827224    -0.601123901615    5.50129895048    0.680757552161    4.90810841909    0.9729    -0.809982078517    0.907074632083    1.6172148537e-22    0.0    15.2763099774    18.0157109564    23.620573401  
53897173.6987    -9.47253445862    0.562822152178    0.0922715457862    0.00581912921844    3.78475159024    6.05221313309    0.08841935278    3.22524728837    0.758361875991    5.85463563928    0.9691    -0.377766651938    2.97973791435    2.29662320646e-22    0.0    46.0561317732    41.8795357135    62.250002293  
47444955.7283    -9.52100137158    0.0483120163926    0.0908043920406    0.00974523969458    5.60361615602    3.13774594852    -0.813242704757    2.82896639743    -0.965538263876    4.13705680772    0.9948    -0.889494110401    5.27587552991    2.5956542078e-22    0.0    27.4420405399    30.1060388983    40.7362144429  
48568881.6934    -9.43873321073    1.37881155615    0.00323642333486    0.00272316389611    5.0514679748    4.89862968022    0.102050018665    1.06827802308    0.401721865037    3.94955102584    0.9827    0.684750398941    1.49574445614    2.12447007225e-22    0.0    37.6125716622    38.7479384604    54.0010026015  
19147649.8718    -9.03250505079    1.01689732907    0.0929707983768    0.00369337369738    1.10532855286    5.54352856309    0.866967496418    4.66649352925    0.224272374509    1.60091044203    0.9944    0.259651040713    4.42748782092    1.12278327907e-22    0.0    13.8898853689    14.7677662337    20.2735254727  
42119660.2565    -9.17508906333    0.1727156387    0.0425271689716    0.00889681896571    5.51140581848    0.225342571739    -0.466327812588    3.60369293924    0.957208240312    1.55242474128    0.9777    0.057705707566    3.06368184416    1.34107188442e-22    0.0    15.3914192521    17.2948739168    23.1518563056  
62401843.2011    -8.95559440353    0.610034848293    0.0641957436606    0.0056646804111    1.48319144715    2.46605680105    -0.478691062726    2.48932015977    0.174498397422    0.319375125494    0.9782    0.385542818267    1.00447452389    1.03436538398e-22    0.0    14.1689127409    15.9139623277    21.3075640378  
50853116.6818    -8.90153321041    0.979319940648    0.140184507894    0.00368637697219    3.53200680566    1.43597106757    -0.346129482144    0.466297556384    -0.17125532145    4.44135713543    0.969    -0.656089205736    3.60904355597    9.81070571597e-23    0.0    14.4367568084    14.5580516962    20.5026051109  
30105596.6437    -9.70710670576    0.185259370765    0.141524469832    0.00814567474123    3.7456954053    2.43045882177    0.582621096731    4.42323699581    -0.412415229833    1.56541062197    0.9697    0.483426529418    4.45222102513    5.06546374351e-22    0.0    40.7975119044    35.7641722511    54.2541518632  
19855503.0855    -9.52113578018    -0.391155627953    0.168165181662    0.014133579701    5.57635999637    2.43121776986    -0.0574003615913    2.73336328929    0.11106670016    1.84134683967    0.9719    0.843670829407    2.3047816113    2.59672510428e-22    0.0    18.2173376031    19.1216787099    26.4104143479  
53159416.527    -8.98704634164    0.568912052793    0.185415867045    0.00531692565823    3.78121947096    3.42950171554    -0.571678232338    1.90322039665    0.968589977923    4.6972328291    0.9926    0.0472283293457    2.539975441    1.06856184552e-22    0.0    15.3214102829    13.8507673265    20.6540400065  
16539864.0686    -9.15298715735    1.11792390846    0.0148945453908    0.00351329184573    4.97025989676    3.05982622187    -0.940419125332    1.93036664079    0.0353889359152    3.06568832151    0.9856    0.727322040874    0.380843721231    1.30141569276e-22    0.0    18.7828182118    19.1130632875    26.7974522708  
50080784.4258    -9.19662111065    0.393645801668    0.0376719923333    0.00715451921077    5.62783021628    2.23933755979    0.699084862917    2.84634080128    0.551779393867    5.55604165044    0.9733    -0.465546910739    5.02920108423    1.38225647764e-22    0.0    16.1360712278    15.3842964209    22.2946040789  
62034880.5679    -9.14455805965    1.03102598331    0.169004089818    0.00340599823664    0.430712877975    1.08510864748    -0.356573371893    4.55964993699    -0.69850317766    3.30858035728    0.9912    0.735085256813    5.49668918786    1.28682902708e-22    0.0    19.4523030797    18.9536354476    27.159388649  
45511429.7728    -9.11708305419    0.743277089537    0.15864482435    0.00458793602482    0.146297020605    0.622406714337    0.266326881088    0.244615662581    0.0954507896269    3.78624811208    0.9736    -0.862391808632    0.665858010229    1.24196570487e-22    0.0    19.1863141727    18.6976301343    26.790222548  
62067655.6572    -9.04846416268    0.770909966395    0.145710451273    0.00451767544974    1.99283874629    5.08973334646    -0.551568300979    4.72626650499    0.334426218199    0.13250741698    0.998    -0.681318499743    4.00135997498    1.14330773919e-22    0.0    16.380651884    16.4433355533    23.2101064251  
35734862.0473    -9.08973137569    0.697867079099    0.0434687541011    0.00525908222158    2.07856623805    3.05853330487    0.506340886364    0.253358630941    0.961165903683    2.7740265222    0.9841    0.28528417447    0.646702799608    1.20044191015e-22    0.0    22.8226266973    20.6025088527    30.7463113298  
35638646.0581    -9.39454250788    -0.374625923094    0.0587101533751    0.0152200577609    4.87355955921    4.493636511    -0.775875089837    5.47710537744    0.476259911669    2.28892949721    0.9757    -0.445992163063    6.20059257492    1.93481258832e-22    0.0    18.9516643523    18.7253943755    26.6421841492  
48514786.122    -9.30034730852    1.15753366684    0.102978844624    0.00318383999768    2.44576888718    1.55804087568    -0.469499839036    2.82159951859    0.726762146911    0.810738918227    0.9966    -0.842740964206    0.437081217046    1.62488363295e-22    0.0    29.6053530964    31.0988881593    42.9373703981  
57072184.0793    -8.84349908701    0.999361410015    0.100243930114    0.0037375313418    4.05673347923    3.88132565358    0.365561394244    1.52595948994    -0.603755403442    0.524443183294    0.9911    -0.482629557787    0.855357752888    9.30594572653e-23    0.0    16.1018608042    15.009595028    22.0126750819  
52428368.8369    -9.77344923834    -0.216339551355    0.140291632733    0.0121850095872    0.841905231663    5.659553412    0.540229095462    0.436989523912    -0.437937938004    1.64776451164    0.9917    -0.650066158514    2.58550490604    7.49853518369e-22    0.0    74.159899938    76.1723825539    106.310500999  
32371957.2396    -9.17195575275    0.325977497341    0.0400017723546    0.0076445323107    0.102286352355    2.26265969339    -0.271549632898    1.54511218686    0.919220561433    3.24584467808    0.986    -0.123736224143    0.918014748984    1.33533388115e-22    0.0    20.1454494821    17.0030765515    26.3617857334  
6505379.96053    -9.46672549906    0.347352684295    0.19279017949    0.00658403230639    4.7475950909    1.81232419171    0.262168371694    0.928259846397    0.227292324197    5.9633018255    0.9673    -0.240584760612    5.85925278677    2.26497765688e-22    0.0    21.2838237115    23.1380873189    31.4383879447  
55033913.4158    -9.27496483003    1.38116872184    0.118561783504    0.00251354945874    2.63907871213    6.16948961364    -0.273857986496    5.90956301538    0.835089977556    2.19856664586    0.9696    -0.164732634985    5.05160948236    1.55765408524e-22    0.0    28.0356636518    26.5120591079    38.5861077921  
57552064.2683    -8.90443092324    0.788531284224    0.139012894679    0.00446599913831    4.69745620601    1.31047802198    0.211214704472    1.37923853129    -0.262202328802    2.91752973839    0.9878    0.73313379918    0.686901116463    9.83797877789e-23    0.0    14.7242483743    14.2798485013    20.5114008153  
36662387.3704    -9.34351868783    0.751935393897    0.0504277162021    0.00496036851016    4.67826323736    2.80057560461    0.607487347835    1.31252406812    -0.386841235612    6.02502999452    0.987    -0.909846357078    4.88805535724    1.75365251337e-22    0.0    21.8593954591    22.5840148414    31.4304135544  
36003848.4989    -9.02793892673    2.23354424608    0.01716964902    0.00114991974243    2.53166633324    6.04169221786    0.0281629439833    4.23637371364    0.620669528646    3.05210396753    0.9972    -0.482065036621    1.71905470434    1.1170081054e-22    0.0    14.6375287382    14.7247807485    20.7623798167  
36179628.6151    -9.46297720205    -0.565558144216    0.0966724395712    0.0179239738302    5.78315682111    1.29953884079    0.365204662435    0.510931862372    0.65742498273    1.11624381803    0.998    0.370704855704    0.752653849446    2.24500990264e-22    0.0    19.6497593817    20.1512046081    28.1457650618  
19092841.2758    -8.95899804374    0.944420441229    0.0418188099118    0.00411413267729    2.53318808362    3.31869676382    0.724374244587    0.503823070052    0.752135327487    5.4810776328    0.9708    0.074759218809    3.96341283913    1.03793420372e-22    0.0    16.52376907    16.3436166099    23.2411004079  
44433122.4233    -8.86262276395    1.59940286457    0.000327951841049    0.00218730898845    5.16181099793    5.66250271721    -0.475894256244    0.935638836892    0.484504211735    3.3912776742    0.971    -0.521472551645    1.86787211537    9.46558896166e-23    0.0    16.2591258965    16.1971733162    22.950111075  
55398227.4269    -9.26831402392    1.70787885588    0.08462415477    0.00186237645693    6.24108516517    2.90438647866    0.838832281854    0.493991491962    0.214516058389    5.60998017585    0.9875    -0.686626152644    4.17508072136    1.54103340073e-22    0.0    23.4171370493    23.5593728256    33.2175609508  
58344992.3798    -8.74021581265    1.38148773914    0.121845821709    0.00250577100888    6.0379882748    3.73994228262    -0.00776316170251    4.3462857997    0.880063698566    5.95913359571    0.9692    -0.22977410438    0.98962103147    8.54593971976e-23    0.0    18.3784312238    18.5910061725    26.1417720278  
35582559.4115    -9.17499397014    0.725891671229    0.0768467544446    0.00500042764981    4.39235088256    2.29933525112    0.287220882043    4.67322659391    0.372866437525    2.6845162533    0.9799    -0.561276777068    5.49386544973    1.3409313954e-22    0.0    20.119180738    18.2621569401    27.1714521083  
34340176.4931    -9.2849981824    0.446417196118    0.137382937696    0.00629701093249    1.95272754643    1.10022763048    0.208682596913    3.37100633699    0.95272934128    3.98672160273    0.9743    0.318517396873    1.00026975828    1.5836240995e-22    0.0    25.0315481263    24.8356558029    35.2617101225  
61361793.1587    -9.13259284939    1.47012072832    0.117565660007    0.00230154556802    0.858142811481    0.979838119742    0.683104343482    4.15351804019    0.125266385237    5.99401468866    0.9844    -0.697556954746    0.188104280174    1.26684318517e-22    0.0    14.5852527982    14.0495301222    20.2513924421  
18665196.1778    -9.20481667826    0.460744766603    0.0609539258344    0.0065912256198    2.45283186469    0.437254604863    -0.101181625872    4.46245521556    0.780894385193    0.755637240252    0.9807    0.203133898588    1.65755083562    1.39862941271e-22    0.0    20.0278945335    17.5761073507    26.6465027545  
17007042.6661    -9.04382475288    0.90426388289    0.174811676744    0.00384382283722    0.649746486832    3.33165452886    0.346212821767    4.70085995064    0.703987372229    5.61361269154    0.9844    -0.383734135424    4.43431136866    1.13718532806e-22    0.0    16.4380938507    16.5600170904    23.3333472841  
30174312.6685    -9.53917505954    1.42665618734    0.0312213076381    0.00255637431399    6.04149077795    5.52845277104    -0.963034410847    1.6823722602    0.13646914063    1.81104998881    0.9788    0.496275618328    4.5117297665    2.72841520658e-22    0.0    40.554319876    41.0240399831    57.6855676676  
61027845.6058    -8.78031600625    1.31122368082    0.195615870586    0.00250362236125    1.64478029528    4.10641350905    0.243223864633    0.442208826181    0.781206619106    5.96552813013    0.9861    -0.115924034831    0.669604548044    8.82243293826e-23    0.0    15.6269790559    15.3308650876    21.8915028892  
46391822.4232    -9.55838250369    0.716903473792    0.0981499174778    0.00496556013357    5.97066040277    4.23454483257    -0.397179185371    1.20980903817    0.830996311048    1.1408709345    0.9689    -0.392633007625    5.53329311194    2.88376223893e-22    0.0    43.0594562861    43.716490175    61.361619021  
28838082.6295    -9.52456931774    -0.907835382738    0.0476251688118    0.0261289199234    3.82152489063    4.3583713793    -0.0420148998931    2.73780639773    0.794932508139    5.15096258188    0.9785    -0.911209809236    5.42275350809    2.6207994885e-22    0.0    17.895877291    17.4360838986    24.9855847587  
8239704.4699    -9.17694519027    1.77783364816    0.00821803282051    0.00182248445321    3.77273911386    4.80241426664    -0.46018732909    0.283687544641    0.909049105656    2.89904983646    0.9916    -0.0818595243213    1.731713536    1.3445871347e-22    0.0    15.5438002768    16.4918823756    22.6625663008  
19548252.7507    -9.23535416155    0.0597213418447    0.0754634956146    0.00974433553668    4.08354019752    5.83270918465    -0.952420835501    3.22198385388    0.0551683038918    2.76503683284    0.9934    0.615713812016    3.06775691503    1.46366207617e-22    0.0    16.8237247244    15.9772501797    23.2015136771  
26386656.4555    -9.15806958267    0.662916355969    0.0711203216546    0.00534718926234    0.0252170782363    2.6827722622    0.922405322295    6.04372935381    -0.106700166621    5.86271224053    0.9889    -0.0955211648571    4.69276218007    1.31023045601e-22    0.0    19.490365393    18.9372647364    27.1752523236  
20751495.1134    -9.34859598633    0.198152067729    0.0602094510219    0.00857484300295    2.59486923701    1.61104819821    -0.397491838634    4.56373016857    0.748035043812    1.92043697506    0.9892    -0.608696367502    2.63218005909    1.7699922088e-22    0.0    17.030761811    16.0323917309    23.3898360933  
19464023.5983    -9.22845914443    1.26557241689    0.05337801898    0.00296220024421    2.48899493623    1.09876977274    0.907849327308    5.40906537085    0.892562479625    5.17421879129    0.9878    0.132475942479    1.2833646291    1.44848369697e-22    0.0    18.3933763252    17.7328428591    25.5493641507  
55438120.465    -9.0924856564    1.6958162798    0.166239256614    0.00175678874469    1.87134106915    1.35241347908    -0.506040952867    1.10122262967    0.234686770753    5.96012206363    0.9963    -0.4179687429    4.53578944505    1.20455412618e-22    0.0    19.1290312197    20.6285649655    28.1328549554  
38092887.4239    -8.72345845753    1.10397471937    0.102981071461    0.00335900631419    1.3910582577    0.246697478142    -0.495359685292    0.608507433893    0.00629628519333    5.41210889439    0.9698    0.655134085155    1.03121987126    8.43636449027e-23    0.0    15.9401645531    16.7343877477    23.1112219338  
53315618.3009    -9.43471825738    1.57486210626    0.0965844239799    0.00210810043844    5.95775048057    2.99481930104    0.571839685321    6.27843164158    -0.0636605953519    4.96412323347    0.9903    0.470246133469    1.55142505926    2.10593608158e-22    0.0    55.3253992689    55.3369019293    78.2500640217  
49538370.9089    -8.86904445217    0.769807005617    0.163803306277    0.00444549411002    5.63048683982    5.20654442079    0.122595947344    2.89531888357    0.795357001856    5.19816755894    0.9732    0.335387645951    2.39058961866    9.520497489e-23    0.0    16.6813399774    16.1704231623    23.2325136111  
43007702.9743    -9.09432606707    0.756593477778    0.0388501967098    0.00497327918504    0.00718406171467    4.4693342902    0.323960674948    5.80635204584    0.497224038805    5.0029260742    0.9681    0.74536797619    4.7870251527    1.20716817619e-22    0.0    17.7980768737    17.6797608238    25.0867591209  
21654422.9715    -9.20717065904    0.370662293776    0.110127258365    0.00695316147806    4.5605595348    5.77625267094    0.701848783154    4.02256581734    0.0816054796236    4.17248115311    0.9698    -0.532611663578    3.76683240382    1.40353913363e-22    0.0    14.4627129483    17.4518959854    22.6658055077  
35216191.6253    -9.42777655798    1.18575916967    0.0722027750704    0.00316757314571    5.06666432726    3.38833865539    -0.327952515053    4.29595341578    0.883272345094    5.12332685043    0.979    -0.49641763634    0.853664957664    2.07418387852e-22    0.0    37.7947214147    39.4019357805    54.5981090338  
56108019.2701    -9.31867648671    2.12194780634    0.00681012020671    0.00129281295942    0.320548049902    5.23355528971    -0.408054422562    6.22815462665    0.691957019303    1.6710071146    0.99    -0.260822524491    1.87225519949    1.67710031868e-22    0.0    23.0999641235    18.9588482462    29.883879757  
49319835.1139    -9.07027550908    0.733210782856    0.0877582814481    0.00492429758267    1.24130998583    5.99254499731    -0.501729321408    4.04166181042    -0.811493671519    3.04101733225    0.6301    0.507211556634    6.24854095526    1.17275327453e-22    0.0    16.8364614946    17.2266997943    24.0878729127  
20168002.3745    -9.22340622826    0.462187706913    0.132132994524    0.00622752118353    2.37802985934    0.631436952917    0.216391602679    4.72501940209    0.746373559857    2.89710992578    0.9705    0.953919874593    4.79561611406    1.4374898534e-22    0.0    17.1975245133    15.3653765198    23.0618656006  
6557533.21108    -9.47144670217    2.26851365297    0.164947800876    0.000992093225389    0.722203600375    3.37393222323    -0.203642611126    1.04879946561    0.914833863363    2.96671638926    0.9749    0.233373132582    0.616600216745    2.29039660769e-22    0.0    28.4653683057    27.8856995475    39.8483303544  
19299250.7319    -8.94435705055    1.50270177487    0.0761068259035    0.00230077233276    1.70416604239    0.342538999698    -0.495039595148    2.3797866847    0.604068368407    2.51417646385    0.9687    -0.200852504443    0.927562344283    1.02275179578e-22    0.0    18.5589941011    17.0783730999    25.2211635295  
17440258.4541    -9.75213997282    0.9226445183    0.179298181458    0.00375657755662    5.3378582    6.09061247074    0.622316584146    6.0857162415    0.900751357592    4.98855797758    0.972    -0.974931026805    2.9823235398    6.50653478364e-22    0.0    147.31699476    143.062792664    205.351551223  
40654718.339    -8.95361110833    0.54317084922    0.187836848369    0.00544170529988    1.29192416368    0.611474934891    0.843597117239    3.23156422307    0.978938668    0.67178838594    0.9934    0.28384482794    2.94053628245    1.03229582173e-22    0.0    15.8285708718    15.9708014923    22.4857767522  
7021143.23995    -9.67312690988    0.0202958146066    0.130910527085    0.00969826165113    1.33587339396    5.30876771416    0.974180335434    2.49666675488    0.556108662844    4.49431747424    0.9794    0.0442875573784    3.44719671115    4.32946838793e-22    0.0    31.6731999798    30.1279291033    43.7136558642  
58990837.5556    -9.3037483969    0.235170867843    0.063007688586    0.0082476124775    5.66903077023    4.42019409674    0.503049990707    0.28965499653    -0.553702227447    2.69464853475    0.9824    -0.300086748738    0.331238143695    1.63425998758e-22    0.0    22.1483101186    21.1245943697    30.6071254513  
42957063.519    -9.1789956905    0.780836129248    0.0541000492673    0.00480759617143    1.20209953544    2.5452541854    -0.505460414168    4.65270790246    0.729845779454    5.70623861751    0.995    -0.494462916236    3.48135544578    1.34842058132e-22    0.0    19.7237566297    17.3122728463    26.2438824622  
16398648.1698    -9.09226678534    1.20604504308    0.0988943141639    0.00304287258741    4.30762672322    0.27800871637    0.46245610237    3.31122435847    0.0405851768382    4.48439431462    0.967    -0.243108471405    2.2809606853    1.20423390035e-22    0.0    18.7915471062    16.8327870454    25.22825722  
42602360.7009    -8.59177139563    1.11109192774    0.048648314719    0.00346760392332    5.47352258576    0.0281170900794    0.148525720463    1.23830463262    0.978918247649    4.37178347625    0.998    -0.192405132839    4.11230225956    7.68681130997e-23    0.0    14.9243953034    15.0888598948    21.2228949038  
22503297.4401    -9.28250686098    0.526505635175    0.0497064587888    0.00621753240196    3.31216720952    6.22569455054    0.115931041858    0.275444607114    0.171642161032    5.80792741395    0.9872    -0.680216027518    3.73335215898    1.57704904127e-22    0.0    20.2252698219    19.7314431237    28.2558204112  
45059255.069    -8.99182489861    1.91575094541    0.0403734495701    0.00155891325736    0.410206866276    5.23096054183    -0.504299769862    0.904988476561    -0.137665091741    2.52655289514    0.9818    0.730603979508    2.83548289566    1.07392650927e-22    0.0    19.2272465915    19.0795469007    27.087194787  
14303849.4975    -9.16784042327    0.469629483452    0.0143301761721    0.00672043868671    3.87865079106    2.87056930908    0.781525232545    6.05687895395    0.668355916798    3.34668221433    0.9972    -0.907765209783    0.0428312378689    1.32770486114e-22    0.0    16.1127501973    16.3128076227    22.9287682062  
53108096.1687    -9.13418909172    0.722026398838    0.107756188498    0.00490257494532    0.546661551976    3.75480355069    -0.48287473524    2.0391776988    -0.844646070523    2.42596547561    0.9819    0.163292393832    0.871919784572    1.26955518388e-22    0.0    14.7081565158    13.8195396893    20.1819113395  
41697394.0529    -9.16167555281    1.00262582319    0.09230294503    0.00374837705777    3.02030034955    0.0250932167051    0.713969279251    5.43512614015    -0.0480851236617    0.600637053535    0.996    -0.443920519524    4.76513193632    1.31665339794e-22    0.0    24.7897322214    23.8753192633    34.4174620438  
62083399.1765    -9.22186044022    1.3117755847    0.031076029063    0.00286783117337    1.49579441885    3.45321497498    -0.0532759013567    5.79960804161    0.863766025919    5.90058640536    0.9892    0.762470099518    3.31905523751    1.43416700531e-22    0.0    27.5891929658    27.7570801379    39.1359050782  
34473597.766    -9.29160097529    1.52801611818    0.157555653406    0.00209538726316    4.8170814144    2.15018883097    0.119568698217    3.6188570559    -0.401270663002    3.07226454864    0.9742    -0.943457226081    3.05991346852    1.60104051672e-22    0.0    32.6283814475    34.350198397    47.3766546497  
60212526.6426    -8.99222084413    0.706267567559    0.0221746403098    0.00528137849915    6.14729259902    3.07512408252    0.803088020494    0.781578580992    0.659081134427    3.68479091981    0.9893    -0.210411197084    1.10987663905    1.07438904156e-22    0.0    15.2778087296    15.0530287553    21.4477298166  
17976043.5404    -9.07413651773    0.82421628003    0.0399961055714    0.00464483270828    3.88707624768    3.94529571116    -0.618099254867    2.82082509758    0.409856126733    2.68480947016    0.9839    0.241189376653    4.89779035501    1.17809887237e-22    0.0    20.1931151632    19.9292613465    28.3714179733  
36994576.7972    -9.26217392761    0.513681343202    0.0719800045868    0.00620404038378    5.5377863664    1.73891973082    0.0148075531954    5.1405291443    -0.0238014253496    4.96383314709    0.9826    0.729192186535    0.456974450523    1.5259029236e-22    0.0    22.7108123184    23.5131942862    32.6902325122  
41385742.2872    -9.29090669772    0.8266522009    0.0816522264903    0.00450538023218    0.293008863066    2.35441628816    -0.986218272822    1.69862510976    -0.742103853119    5.4153753318    0.9742    -0.932297240147    3.29381296346    1.59909416268e-22    0.0    26.7298602927    26.3862814438    37.5595697486  
50012181.6677    -9.30911644558    0.850810018746    0.0655167834872    0.00444851639564    0.543698011118    3.42770030247    0.754694773162    5.95697116654    0.739681079996    2.42078482444    0.978    0.350082923794    4.8910158163    1.64942288925e-22    0.0    31.0828208899    31.6399492477    44.3534456708  
9110282.10756    -9.21813048439    0.410129081969    0.0288018856567    0.00707475514441    0.43112856213    3.65560820671    0.407434847645    4.56001656646    0.151214046397    1.57646469406    0.9961    0.971513000195    2.78296232358    1.42630017014e-22    0.0    21.1914211196    20.5442540935    29.5151267205  
59128341.0053    -8.88496121811    0.963425483134    0.00677821207883    0.00411796588685    5.30853218509    4.53328903065    0.52914403623    0.733596910869    -0.366555082425    1.61134570082    0.9978    -0.0864600347588    1.90877844199    9.66045986283e-23    0.0    16.4198086798    15.8920585725    22.8509877851  
43117647.6586    -9.55594390294    0.271949790979    0.158377682651    0.00735231132858    1.23948900685    5.78335510023    0.876568533843    0.25326806947    0.233811811881    6.12041235772    0.9818    0.977509349712    1.42402577625    2.86300119465e-22    0.0    23.0405556916    23.0895085182    32.6188995858  
46758913.9418    -9.00465375981    1.09402394104    0.115082829027    0.00335936199666    3.68272653938    4.97203573823    -0.446044399846    1.89119771163    -0.5136244256    1.72957798118    0.9962    0.797622880988    0.417992219755    1.08880107436e-22    0.0    19.7354678064    20.3320109081    28.335125853  
3397870.83809    -9.4994622819    1.72794263154    0.00697672770204    0.00191695703161    4.75435379191    1.52256578945    -0.988758671123    4.76128073144    -0.623259327944    5.00659680959    0.9689    -0.401301944757    0.751825326602    2.45395595173e-22    0.0    19.710451064    19.7303838437    27.8888853805  
51199894.7431    -9.16897399604    1.09456879747    0.107019253838    0.00337979171253    4.57949610534    2.13118418086    0.394199225968    2.4952069481    0.812073339867    6.06006271979    0.9975    -0.0202568654926    0.465226408202    1.3297884261e-22    0.0    16.7082255537    19.2306622372    25.4751481101  
41852553.9129    -8.90850187972    1.64056146532    0.188870420609    0.00181413741243    3.87286878368    3.48678649113    0.645424629022    2.19769822508    0.842008884733    1.11271943735    0.9827    -0.919745300665    4.13040637188    9.87585518966e-23    0.0    14.7118711697    14.7386717199    20.8246872097  
48202897.6729    -9.24918606273    0.766828833286    0.0917458291595    0.00474715427028    4.70343433257    3.26161804661    -0.0091117034526    3.57272524514    0.232255862272    0.700627851201    0.97    -0.369849151238    0.642239237211    1.49517448546e-22    0.0    17.6224625467    18.2450840349    25.3660063402  
39989871.5498    -9.23318490859    0.496618660365    0.167065883006    0.00582330831482    2.24775418154    6.05861064029    -0.113358027573    5.95632515894    0.141915592843    3.41383726549    0.9935    0.37552881958    1.9961914611    1.45879611697e-22    0.0    16.3523367929    16.3880632395    23.1509726649  
25594870.7542    -9.41536537475    0.229933321289    0.10829078283    0.00801584609996    1.08919545086    1.76052737071    0.874180245524    1.33462002304    0.107488261541    2.6866458498    0.9787    -0.0313507789876    2.94314131776    2.01990640488e-22    0.0    29.5037664039    28.6159158027    41.1016163824  
53723039.6839    -8.79101026182    1.07326427657    0.125241980229    0.00340046022891    3.10264219141    2.11241272318    -0.124880728828    4.04233173973    0.0570653096036    4.14421270561    0.998    0.852957368587    1.67138608718    8.89996903513e-23    0.0    15.2706480748    15.7960449487    21.9706105661  
10999101.5295    -9.22845914443    0.645486251348    0.165176037653    0.00502720845349    5.30613768918    1.74975755923    0.403419563542    1.07338533059    0.356105006232    6.22484244506    0.9857    0.213442663456    5.59730278003    1.44839574217e-22    0.0    13.6095364063    14.9923057455    20.2481780109  
49011429.8463    -8.95235451581    1.03188470592    0.167508910477    0.00340813063335    1.51753377419    4.35918874222    0.489286745265    3.66724986596    0.542908265593    2.72755618773    0.9742    -0.0288061915907    4.65775925238    1.0309838125e-22    0.0    15.0738459591    15.0220116454    21.2810165611  
31685338.3282    -9.00321127849    0.964909847586    0.191314114287    0.00355610857225    2.48573109736    5.11359503824    0.857048249125    2.46853094816    0.701853570017    5.76135746103    0.9729    0.351461656695    4.5779429345    1.08712954448e-22    0.0    14.687579838    16.5993268817    22.1644457279  
