tPlunge     logmu     logM     ePlunge     nuPlunge     gamPlunge     phiPlunge     costhetaSky     phiSky     cosLambda     alpPlunge     SMBHspin     costhetaSpin     phiSpin     Zeta     SMBHQuad      SNRI     SNRII     SNR_tot   
30580571.2854    -9.13469129458    1.19815931023    0.0869583064809    0.00309513972205    0.717404957923    1.61997957634    0.112245930913    3.84137173893    0.646506509065    3.38944727994    0.9863    0.816466261686    1.86890393978    1.27036375973e-22    0.0    16.6781245225    19.2736783248    25.4879287852  
8427437.20489    -9.04846416268    0.962485046132    0.196680135435    0.00354424962994    3.94411720708    3.9712617465    -0.669734877203    1.86924268898    -0.851323941813    1.19628388352    0.9677    0.607604931079    4.45015237504    1.14326196752e-22    0.0    17.4229650008    17.6525610803    24.8026736888  
62202734.1975    -9.4040026409    1.2604202173    0.119466788787    0.00283397800791    0.447798518038    2.55261565931    -0.342826622536    3.47172639216    0.589141789888    3.92263016285    0.9864    0.046613555614    3.15781110401    1.97251155057e-22    0.0    39.3055066952    37.2827043365    54.1749286959  
33912639.976    -9.19598972085    1.54556973797    0.0346330842992    0.00226517419776    4.91459449046    5.17825275357    0.434098440404    2.60882077546    -0.281160976327    1.74733757853    0.9952    -0.767187144749    0.172104592077    1.38107510328e-22    0.0    26.1254963373    25.9271403806    36.8070396417  
56883290.4463    -9.49690062002    -0.349881338099    0.0149897174026    0.0152458460377    5.55718234869    1.83096442635    -0.100039963164    0.281006978228    -0.959325646771    1.83140492327    0.9764    -0.122557853828    4.06535257312    2.43821247845e-22    0.0    34.2301456132    32.0124916739    46.8668592064  
53176555.4026    -9.34216908407    -0.71046834596    0.127522048825    0.0201997644842    0.559392615495    3.94088254516    0.789872290535    0.931771498911    0.905813683426    0.141478183538    0.9881    0.983318546567    4.55013526093    1.74909573519e-22    0.0    14.4356060384    14.6045556523    20.5348427677  
15877270.1181    -9.11028608665    1.47147396672    0.0751151537175    0.00237543969579    1.91000319757    3.70993287734    -0.348635226206    0.378607401532    0.823921431024    2.27667227314    0.9743    -0.744178419724    2.00706648902    1.23140727914e-22    0.0    15.2497610085    14.2907755412    20.8993176057  
34689286.2163    -9.14073748376    0.236540307463    0.0662349006182    0.00821816111818    0.307273874823    5.93493912088    -0.589592108614    6.0182747123    0.0206948493229    3.82650392288    0.9952    0.0802619034716    1.0342209367    1.28038551057e-22    0.0    20.4742443468    20.2315608548    28.7838624266  
21753200.1907    -9.33751569636    0.421530703273    0.114427754055    0.00658496033341    6.12303161664    1.04373615054    0.435040352951    2.80964292876    0.847308225397    1.85073968967    0.992    -0.66711815602    5.53229917268    1.7344537258e-22    0.0    22.9981115351    20.6435335275    30.9041843555  
60042655.5077    -9.20481667826    -0.131710377824    0.0130135624766    0.012270556677    5.19174222599    1.20382898647    -0.958030611796    4.52080602613    0.27923403986    4.27588526709    0.9823    0.693096978729    4.24300761034    1.39862941271e-22    0.0    16.2735649629    16.4246505723    23.1213767545  
17701026.9925    -9.02208700817    1.28750748721    0.072730069409    0.00286006611173    1.73260713737    4.31539711042    -0.641256658296    3.31043194633    0.294561212339    6.12881414959    0.9774    -0.551260524821    5.91813315003    1.10982703129e-22    0.0    21.4548391274    21.8087654889    30.5930118513  
59802694.7214    -8.76426531762    1.02287262015    0.146599743519    0.00350858387546    0.618338037718    6.18895079269    0.266606957262    1.72957161451    0.0129959609416    2.52688602286    0.9694    -0.0645910904316    0.223068315266    8.70909382189e-23    0.0    17.1060115944    16.7315783721    23.9282541672  
31486337.9298    -9.45905339473    0.263612160438    0.0347559587511    0.00816237926079    5.75078067803    0.415911752253    0.287221061218    5.51355017027    0.613666796046    3.35555488149    0.9835    -0.545427890028    6.04891004032    2.22478133728e-22    0.0    28.4827976313    31.4577060016    42.4365058386  
35212051.4622    -9.26175901137    0.574423988883    0.15630622478    0.00544407167677    3.7673591667    2.44041732064    -0.651549648468    4.22446923074    0.871962307271    0.321280910678    0.9808    0.350551294425    4.15985670947    1.52497223215e-22    0.0    17.333429699    19.1764794474    25.8492775358  
45666633.2591    -9.05026721158    1.33554285037    0.198159363703    0.00243674491767    4.04185363504    5.52000775495    -0.178127878245    5.82108185037    0.146071819729    3.01891911683    0.9942    -0.356701934152    3.89850924167    1.14566293234e-22    0.0    21.6497806313    22.1220487941    30.9531588732  
40274785.4653    -9.13876387439    2.11327869954    0.0732672278503    0.00125193839139    5.81783337271    2.37487808708    -0.249904609196    2.12336575528    0.0741282692273    5.45268890754    0.9868    -0.468162721137    5.52967194944    1.27705950792e-22    0.0    16.6671027563    18.3460540661    24.7864885388  
26671141.8894    -8.99762132583    1.28180930483    0.18399746954    0.00261033819995    1.97949716416    5.58650334658    -0.981237548444    2.82510892634    0.953214234132    4.62453152098    0.9712    -0.743106072448    2.1742740357    1.08057360776e-22    0.0    18.9038866225    19.0206454991    26.8168209271  
48783484.1928    -9.51263648191    0.716367535211    0.193734825075    0.00454769193954    6.00405122751    3.94009017452    0.690190209803    2.32403947121    0.467266385924    3.78427912421    0.9768    0.877459808817    0.346919280334    2.53906902523e-22    0.0    32.5247340353    37.4917776001    49.63357444  
38459848.8269    -9.12968057941    1.54095925855    0.0666912763528    0.00222913336071    0.455985230846    5.19141489763    0.165735118765    0.100348748596    -0.539129904705    4.26176481109    0.9912    -0.824915979444    0.31157871164    1.26205744729e-22    0.0    23.3244830847    20.6857816351    31.1758411759  
28273856.123    -8.89723833779    1.17288730791    0.189665176789    0.00289342936582    2.45998087511    1.19767715402    0.0814168880626    4.76141310843    0.019295129325    5.96279354861    0.9718    -0.873573884482    4.35495541365    9.77134718067e-23    0.0    16.7937339294    15.7944993972    23.0541907362  
41350072.9496    -9.17870932165    0.0680118947932    0.09635343228    0.00951449916981    5.44589417937    5.24180510123    0.785685474328    4.36272324553    -0.459030540192    3.75154004676    0.9763    0.845613747143    6.16645302555    1.34775534963e-22    0.0    15.718513504    15.5204819904    22.0897493873  
50371220.0004    -9.29636709672    0.107850940085    0.118829626375    0.00897809839776    1.36265608269    3.68578946267    0.33299917464    0.110567067987    0.369709479353    4.45210011281    0.9772    -0.898880136621    5.23458418948    1.61396780625e-22    0.0    24.315279792    23.8127374978    34.0335025894  
38283334.4495    -8.73090201983    1.50593078661    0.133490906506    0.00219029089057    2.40396994156    4.76388893768    0.442674888674    2.74959215459    0.788210873204    5.88436266681    0.9892    0.751118203974    2.42583731833    8.48486611656e-23    0.0    15.1586334566    16.0071276633    22.0456867505  
58649005.6445    -8.86401527941    1.1791701207    0.0490143794088    0.00323863451561    4.02028836818    0.266338037136    0.166302574322    1.49387711404    0.170558382109    2.28093984692    0.9862    -0.374288295569    0.998332846876    9.47726413557e-23    0.0    14.9397785455    14.5816622481    20.8763468286  
11304503.8814    -9.22255824217    1.08151004898    0.0852542333379    0.00348251264296    5.4661798683    3.13700857813    0.591635792419    5.29005035911    0.644902976909    5.20859497058    0.9947    0.606214538644    2.6923663418    1.43571781462e-22    0.0    23.6188057031    21.4332552407    31.8940811602  
53460681.2286    -9.30002399781    1.04641185905    0.0949927838346    0.00358038500546    6.11122857011    0.38509501182    0.282686552542    5.86099503613    -0.284038688645    2.35068298153    0.9759    -0.338132520571    5.74649583339    1.62398258495e-22    0.0    25.380820121    26.3288827698    36.5704265482  
18611756.4058    -9.1064164054    1.87760526371    0.112206512763    0.00153810153308    0.547101195568    6.13133519632    0.131338060519    5.56131683816    0.604148058636    2.27377287644    0.9814    0.485984903763    2.94384690635    1.22544508983e-22    0.0    19.9955669921    20.8678244558    28.9013632352  
15594027.1067    -9.00457356735    1.73652537445    0.0953705731662    0.00179510743888    2.63657061332    4.49545375823    -0.752382827209    1.95422132934    -0.329244802319    0.313149064934    0.9748    -0.0788992992048    1.00122620019    1.08876919407e-22    0.0    21.1882169417    21.3804635451    30.1009095971  
26997020.3333    -9.11645508252    0.231119360999    0.102981647617    0.00804057091787    4.6257444786    2.93681006438    -0.799684340312    5.46328271544    0.699713451127    2.76246511516    0.9702    0.146829034856    2.4873134674    1.24101168409e-22    0.0    14.8681398755    14.6177587672    20.8504305647  
16107181.5062    -9.15159284591    1.41358859478    0.00542008019209    0.00262714775126    4.21350929958    2.2323831495    -0.447410880639    0.72043206223    -0.797297012607    0.948702981161    0.9855    0.867352018267    1.84016969219    1.29895977813e-22    0.0    16.2017083112    17.0930396158    23.5513769345  
26678223.9772    -8.9310815237    1.3444347123    0.0982141501185    0.0026510205177    2.7533331254    1.58955676178    -0.824225221975    5.18595692173    -0.750292013987    1.37738461658    0.9669    -0.826162691792    5.50522791876    1.00939750847e-22    0.0    19.2301973393    19.3447606842    27.2767346953  
50136543.4946    -9.22780733564    2.29432846971    0.075150464104    0.00104321034058    2.57858613412    4.52574635917    -0.391132739219    4.57545824537    -0.24857003367    0.625217345557    0.9781    -0.175279994973    0.626052398434    1.44694590312e-22    0.0    19.5325480666    16.8325663198    25.7847963514  
22754575.3681    -9.42624727185    0.858249046003    0.0680905249522    0.00440770727015    0.74918789716    6.2469876458    -0.179496698674    3.26851234378    0.772644529254    1.00219559514    0.9937    0.596161361059    4.1244895328    2.06715610662e-22    0.0    34.0668183664    32.8261788923    47.3086264256  
26210528.2819    -8.69599158471    1.52610467713    0.0667805106376    0.00226235401859    5.67400354775    4.67705272766    0.442796068133    1.47045064251    -0.17125532145    4.00574777255    0.989    0.34470793082    3.89679926233    8.26475799794e-23    0.0    15.5407917162    15.6474087351    22.0535168916  
33328188.0616    -9.15676153801    1.42223541324    0.140161446058    0.00236729880703    2.98031930578    1.31190649664    0.813707173148    2.56276848028    0.985719797387    5.33682872877    0.9839    -0.672420922683    6.20325149133    1.30799453089e-22    0.0    35.8081234581    35.9948755706    50.7725592513  
31443312.2068    -9.26935846497    0.606428998878    0.0665583206559    0.00567593250887    5.77611163268    4.03296347015    -0.740341634918    0.628423910145    0.567359976735    0.455383297984    0.9705    -0.915943327169    4.18143730375    1.54360187851e-22    0.0    20.2740801707    20.1193053974    28.5626465238  
23223382.8549    -8.96452971119    0.964447468306    0.168738373053    0.00364144625357    1.98513153836    2.13435795533    -0.176580959543    0.647408023225    0.237407646155    3.42403695122    0.9815    0.180052904427    5.19356752465    1.04380415523e-22    0.0    16.0517338295    17.0891980344    23.4456573461  
52051511.7871    -9.57988870891    0.445106268963    0.147496333742    0.0062472866761    3.1348046765    2.07068254199    -0.777245612968    5.20498507581    0.7725810415    1.12172759383    0.9838    -0.26572808761    1.05882886002    3.07908205947e-22    0.0    34.0497801609    33.5576200171    47.8069178071  
32877347.9998    -9.13405217107    1.30701993311    0.168683721714    0.00258535493038    4.37482047922    4.32480292913    -0.793626882873    4.73319724503    -0.765940974736    5.27727278795    0.9769    -0.0277787137121    4.02178317776    1.26932939508e-22    0.0    19.7802855292    19.7069964428    27.9217729454  
50887111.9513    -9.04274114854    1.37300251962    0.0608683060326    0.00264729727103    6.04506123048    1.29755504769    0.909127080364    4.29060814248    -0.105506940592    5.08910816511    0.976    0.683749502665    5.70399475329    1.13585199365e-22    0.0    15.7390288941    16.1748779016    22.5686443027  
28293134.8852    -9.65367873173    1.51178664271    0.132934192976    0.00217857617102    6.09335002782    0.290027094707    -0.448244892812    4.11841694475    -0.738338641039    3.66796722807    0.973    -0.521105638992    2.01538589776    3.99459001367e-22    0.0    75.6191214336    76.1470006608    107.315503242  
44355403.3761    -8.47937753527    1.15947392251    0.114900002451    0.00314701079041    4.2757409849    2.80029289412    0.0112407143259    1.53794259816    -0.988304189746    3.29089469395    0.979    0.0170059876168    1.5553212182    7.17055701909e-23    0.0    14.9752059555    14.2808202948    20.69296068  
19517796.8821    -9.30228937095    0.451691341483    0.0915518405934    0.00650668907738    0.0621462659531    5.15066745659    -0.688984514327    5.4281820532    -0.0216019927713    0.484036517602    0.9712    0.702169706966    0.453666603605    1.63029334674e-22    0.0    12.9691641776    15.3349701363    20.0838374955  
41465572.778    -9.50513437203    -0.2043024059    0.191623758111    0.0114449540568    1.42865399296    2.97939038002    0.880599340105    4.56200286422    -0.0935666077757    5.23430464344    0.989    -0.599508739648    2.40030746473    2.48987205459e-22    0.0    17.3237407099    17.2473639068    24.445522165  
36002586.1705    -9.0815137595    1.57162643175    0.19617192636    0.00192848566677    0.260690909533    1.11865428247    -0.298450296096    3.11884426419    -0.62098886617    4.34121057993    0.9814    -0.153806688774    0.704373586423    1.1886079882e-22    0.0    20.1677271807    17.9069680107    26.9702933423  
62531906.4426    -9.17975974192    0.281332146686    0.0944468283283    0.00769808207029    2.7565273248    1.28180413273    -0.794201499655    0.51663428171    -0.318459252966    0.283725211298    0.9843    0.661872734706    2.4182143692    1.34982361189e-22    0.0    14.2259201409    14.3512306225    20.2072913631  
53425178.9405    -9.00029261901    1.31436756357    0.167275321236    0.00257001667894    5.70166882698    0.170356096752    -0.432121120754    1.35590637249    0.421769785158    4.08848783916    0.9759    0.332089889808    2.97094471127    1.08369282591e-22    0.0    18.7727328992    18.3659130692    26.2625639146  
57216828.2215    -9.24311105106    0.827244853145    0.0352190360634    0.00464422947138    1.31263742753    2.2837384877    0.321976295135    5.85204744544    0.37045267889    3.60215265236    0.9855    -0.880208903218    1.85854594061    1.48106374086e-22    0.0    22.80549763    24.1784003207    33.2368133885  
33648337.809    -9.0400372637    1.0473577702    0.000181334043058    0.00379920002537    2.66489179313    5.24543797165    0.820075664371    3.83306632414    0.235853086755    1.19295228159    0.991    -0.634747933989    4.45904712736    1.13232215921e-22    0.0    19.1402178865    19.6665599306    27.4430596007  
31810992.9873    -9.25581353696    0.947862044134    0.183548268969    0.00364696384064    0.555110227025    0.39422580071    -0.704404583972    0.656002792583    -0.0427906039124    0.829912526056    0.9887    -0.120410654299    4.83903142978    1.51065116581e-22    0.0    23.9882693779    23.5867373297    33.6418080014  
28757251.3464    -9.0339078649    2.1306364755    0.172494224462    0.00113024561888    4.23975103651    2.53348448914    -0.588759011698    1.36352390262    0.0446814461803    5.61033398625    0.9906    -0.661356509651    5.15703321186    1.12449449184e-22    0.0    15.4738968735    13.1001606329    20.2745084542  
41820402.4142    -9.06596027733    1.73707820348    0.195599235193    0.00163542394444    5.2478250434    5.83253467669    -0.790184454116    1.77713296394    -0.00510365104883    0.714929431672    0.9921    -0.499708167434    5.9997958763    1.16673299028e-22    0.0    24.179806368    25.2949343774    34.9928098493  
59518391.2332    -9.17186095704    1.20404798901    0.0205841558871    0.00321329983192    2.77587588964    0.544958729143    0.190600909659    5.1138065583    -0.58963243512    2.37513318614    0.9828    -0.492529484132    4.0189452498    1.33517791243e-22    0.0    23.4024034717    23.6172524849    33.2482646643  
20769038.7638    -9.41827182548    -0.373487321693    0.0757019984987    0.0150251294716    1.19182117234    3.58186639063    -0.901084566474    4.98873689052    0.737861400611    2.21033959089    0.972    -0.797390816173    5.38563023772    2.03219665495e-22    0.0    16.3755496484    16.2287066996    23.0549245809  
36250371.9472    -8.8237968462    2.08400925633    0.136214653027    0.00122572226757    3.47366838813    0.198141726225    0.861526189901    3.81327943169    -0.233332785372    5.32621425667    0.9857    -0.135245015959    1.67290963496    9.14865214633e-23    0.0    15.0372351009    14.67530749    21.0114989805  
53966713.451    -8.98005797352    0.809382549344    0.0393336232309    0.00471616024773    2.21774585819    2.37199137249    -0.496539220495    4.68399503088    -0.504673452631    2.53530051897    0.9905    0.31793903965    5.48949763554    1.06070527686e-22    0.0    16.2599042321    15.3845259528    22.3845510214  
25396091.9112    -9.21446384664    1.94271222146    0.0608532494661    0.00149756380512    0.373405356823    0.715594766713    0.991272283638    6.19379776685    0.838484608275    1.34212850414    0.97    -0.9652449533    3.68685929509    1.41858961048e-22    0.0    27.9059051768    27.2027544938    38.9708788173  
61422924.4019    -8.87769490346    0.499122370736    0.00330071093716    0.00656301989991    6.00780589094    4.88975420058    -0.636603474374    5.68885271441    -0.128646158758    2.34458254289    0.9955    0.556595501939    0.0892212138323    9.5956383555e-23    0.0    15.9461215979    15.3136903902    22.1085482876  
14103929.0672    -8.66768328848    1.80838810912    0.0546862768119    0.00171989180493    2.32050194052    1.65983572979    -0.796738242622    1.8989991426    0.167010033293    0.121039574206    0.9857    0.884403924806    2.68950161977    8.09691971583e-23    0.0    14.0000223881    14.3797504213    20.0693260736  
46946346.0973    -9.12455921944    1.3872022471    0.170514985547    0.00238179525344    2.32644258155    1.01258844073    0.105421992422    3.77355690529    0.327159726987    0.665552805669    0.9871    -0.970163190262    4.15108948343    1.25378337233e-22    0.0    22.1219035898    24.4221513288    32.951784382  
39909131.2544    -9.43576676644    -0.363581500039    0.105170129504    0.0145479866733    0.88000154152    3.48931895435    -0.0309814122765    1.71159632301    0.714770802776    6.25129478844    0.9956    0.841320855546    5.41555659184    2.11077230654e-22    0.0    21.2022782849    19.8535406902    29.0465089538  
16254970.5897    -9.0125439823    1.02764805719    0.119928495    0.00357535095369    6.05023115597    2.20980231596    -0.157735340404    2.76036626853    -0.141724886513    4.44620407326    0.991    0.973377624254    6.06879653256    1.09823904368e-22    0.0    18.7504742564    18.4134004259    26.2799086773  
46756584.8213    -9.17742167572    1.1333241122    0.135573690565    0.00317335135555    2.76529521945    2.84678820642    -0.307020902048    4.26930603261    0.390980201723    3.43085590453    0.9842    0.0701693204115    0.573424170553    1.34533316266e-22    0.0    18.1426842056    17.6266902864    25.2953988037  
23723379.3623    -9.26529129908    -0.435107725956    0.0292758904212    0.0164692265747    1.62081813765    3.7547258729    -0.316812875936    3.28009021456    -0.912315556083    4.48129955746    0.9782    0.299335786224    6.19266452748    1.53366025642e-22    0.0    20.0190698635    19.7732918705    28.1379855284  
53165437.0379    -8.90522926853    1.25147357666    0.0128333175208    0.00307749328588    2.66644107913    0.165297052828    0.335548929326    1.71547596282    0.0577641548788    2.39455640876    0.9858    0.3456660976    3.01335280762    9.84510503681e-23    0.0    16.088733396    15.2115672912    22.141344172  
7245943.74919    -9.44431912397    0.0630547250043    0.0355730772284    0.00997022353738    4.94365654117    5.46531426448    -0.238799508472    3.99401929589    -0.073736690235    4.95055144368    0.9704    -0.255395800317    3.00301822955    2.15111424288e-22    0.0    17.2679212777    18.8322965801    25.5506653482  
50139299.9023    -9.14848588522    0.409775094309    0.017581742155    0.00712233025425    2.15458583589    0.588446168422    0.829832519408    6.1653108856    -0.625212416282    2.02026448627    0.9775    0.557926132929    3.57609793719    1.29359197255e-22    0.0    17.7137314429    18.269316091    25.4468896343  
11466591.277    -9.34261874964    0.099822199714    0.00864109969646    0.00975705353111    3.43741037457    0.839094103782    0.24897002231    4.35394826325    0.540049840263    2.79641229401    0.998    -0.692295527224    5.4243581855    1.75068267456e-22    0.0    21.4192482751    21.3608100918    30.2500975941  
13449996.502    -9.47998854788    1.86438768828    0.0488797022783    0.0016323493706    0.918008318114    2.75917597113    0.487587121391    4.10976145619    -0.248279438311    2.14793437024    0.9775    -0.784043593324    2.61223084955    2.33789466717e-22    0.0    50.4055506575    50.3694231536    71.2586719348  
59601410.4974    -9.31353002038    0.0494717432627    0.0551822642716    0.00998268636314    4.41160446131    1.42324165881    0.594503192196    4.93744456397    -0.737798860694    4.25450970799    0.9893    0.1778455409    1.40878475181    1.66196701795e-22    0.0    19.3828579196    17.8235222365    26.3319791517  
13112667.8722    -8.82641043836    1.75742194159    0.165754587537    0.00165261640556    0.834477262241    3.10466326624    0.43500841601    4.32999651887    0.551946180852    0.0892350025876    0.981    -0.535044789171    0.112765791071    9.16917830343e-23    0.0    14.5582706575    14.675179222    20.6713359446  
26564596.5643    -9.13282072807    0.624844120509    0.0420280513222    0.00566255282736    5.07513286159    6.23686424562    0.178631088881    2.76146906782    0.891839859468    0.336392357067    0.9977    0.584031056826    1.72610043475    1.26730367352e-22    0.0    15.5291230571    14.4971348278    21.2443070289  
29481713.6961    -9.46857304522    1.1813435269    0.136998034141    0.00302071701306    3.69669895386    5.65484913689    -0.318518006945    1.54320262813    0.114445015729    5.23821113984    0.9781    0.264313232911    4.23922206109    2.27470798954e-22    0.0    29.0958719805    25.7558830069    38.8578856317  
15287508.068    -8.77202011616    1.26310623612    0.0745785265882    0.00292686897295    0.788785691257    3.47672699723    -0.86875167752    1.41244121198    -0.0470862565442    4.48301546608    0.9937    -0.448376519434    4.82031714355    8.76320557564e-23    0.0    15.5367699411    14.4645875842    21.2277062865  
61174620.076    -8.95601445127    1.18503081529    0.133394190878    0.00301928500901    0.50179285271    3.73293000752    0.000702615447318    1.43958480975    0.327443202976    2.58445495827    0.9803    -0.608749343977    6.0565524383    1.03480200909e-22    0.0    19.6874636073    18.7156162328    27.163772092  
4320750.91056    -9.19375876789    1.31593037207    0.0511830641573    0.00282073713585    1.84554584364    3.7408676414    0.394608343251    3.33846602003    0.810025926235    1.91739928241    0.9927    0.222997909365    5.49545955587    1.37667489686e-22    0.0    19.1878253017    18.3811847749    26.5714243792  
29089995.0035    -9.09599412417    1.23432363704    0.0403656724612    0.0030815140082    3.44115348913    3.82885136262    0.0860718993481    2.3920965327    0.917518973518    2.44846766196    0.9916    0.626034402053    3.18985296602    1.20966656449e-22    0.0    21.6306304371    22.495421955    31.2078224495  
49082190.1332    -9.17942539759    0.606561247638    0.149902623928    0.00530393085849    3.4289700217    6.05976796818    0.264385811639    0.858555515694    0.811956612549    6.1855377537    0.9921    0.660979943381    5.36316637701    1.34912969097e-22    0.0    14.8027607027    15.872007824    21.7035102411  
58437090.8805    -9.29636709672    0.757640453327    0.0410667430448    0.00496132381096    4.33338622569    5.1475822176    0.62633474802    2.17786774785    0.924490293115    1.17337866258    0.9842    -0.420663449559    6.2117282633    1.61379250518e-22    0.0    31.5281067505    32.3157834769    45.1478834166  
32091040.7957    -9.05367250779    1.46154283639    0.0145120071918    0.00249213988111    1.05497976919    3.66861791646    -0.418143955336    3.39225981854    0.817522802595    0.421307658953    0.9872    -0.755606689225    0.605738854966    1.150123324e-22    0.0    16.0671026601    14.3546324237    21.5454695913  
61968001.7888    -9.40777589127    0.358869039174    0.0600176417716    0.00730270224244    4.07070669191    4.41965983392    0.787472225622    6.08997348776    -0.572296578386    3.91549120498    0.969    -0.179931791461    1.0526234414    1.98805791142e-22    0.0    25.6515407299    25.5579718175    36.2106540294  
51190324.0527    -8.73855504031    1.46788364289    0.0643083944416    0.00240205527426    4.07865101629    4.04769866098    -0.584167702884    4.10898536471    0.829323740292    0.764534781357    0.9718    -0.961223887229    4.60902316601    8.53481031187e-23    0.0    15.1918661988    14.9854164165    21.3390605177  
36108851.7985    -9.06242798298    1.2473967709    0.134199286319    0.0028347101349    3.95972495656    2.90708686667    -0.00745257760124    5.84859350799    0.762970742451    0.751463806067    0.9747    -0.985448797652    3.26950020234    1.16193618627e-22    0.0    16.2104994921    17.3611603332    23.7526878879  
41469540.9368    -8.77399212698    1.04469122657    0.0534120925973    0.00369430075528    3.23431328562    2.38725300389    0.539151415435    3.80100764312    0.277793391652    1.77125521136    0.9796    -0.499271860439    4.70559975026    8.7774542326e-23    0.0    16.1299841782    15.8162476778    22.5904864975  
49035729.5702    -9.04369966167    0.98751229596    0.159506413816    0.00359076078578    1.50814288513    0.505277212175    0.462574434162    2.95763258048    0.761741143295    0.624930526352    0.9913    0.209946137551    4.18132882847    1.13702337609e-22    0.0    15.8229808782    15.2314532265    21.9627842329  
13345977.2783    -8.97133245852    0.478707021641    0.153344594984    0.00600781880673    4.4413489871    2.81547634882    -0.308657329366    1.80572830804    0.882615075306    4.83726536816    0.9755    -0.623334454815    2.52870064469    1.05115018487e-22    0.0    15.7773994766    16.1339091492    22.5661108452  
49065252.1934    -9.08090772511    2.03367051877    0.0780719432867    0.00135102152308    0.935849711199    2.24497240223    -0.142143776211    1.5456019569    0.16799590482    1.99059365103    0.9777    0.83616130578    1.58196986381    1.18768072593e-22    0.0    20.8993429653    18.8903694615    28.1714144972  
31869749.6332    -9.05379885283    1.57631548748    0.129704980646    0.00204824654522    4.6998917791    2.3704437749    0.784580243037    2.76469071453    0.290449281549    0.865855324077    0.9775    -0.0226723734572    1.935315947    1.1503389498e-22    0.0    23.0433418406    22.672060413    32.326737023  
51612308.8716    -9.17124500383    0.102876975224    0.133537772042    0.00890886302253    3.22261639642    1.3724042013    0.507768613632    3.80710039363    0.488523100567    2.72880060677    0.9791    0.250075251453    2.45650365688    1.33395433305e-22    0.0    13.8245057671    14.5389881467    20.0623811158  
44617399.2292    -9.50877881167    -0.622181903773    0.00833529183213    0.0200886469351    5.94412657365    0.91952921846    -0.392935174527    4.08961731541    -0.67635568328    1.03262331501    0.998    -0.312601948322    2.64230436476    2.51307318427e-22    0.0    20.0026270084    21.6495377466    29.4755419268  
52967245.9174    -8.90149704208    1.36411807802    0.196763172319    0.00237169169049    5.70150650881    5.55668413791    0.452601243394    5.81939749105    0.444751084387    5.84788293674    0.9853    -0.494800968064    4.2032008705    9.81055133586e-23    0.0    17.9708726668    18.4411546975    25.7493388455  
29448266.9947    -9.13373276243    0.830243710485    0.0966362906399    0.00443871701099    5.40592048012    4.37320457854    0.718915046101    5.38161837113    -0.462935134316    2.14997524895    0.998    0.459271682005    3.42755761303    1.26876729617e-22    0.0    15.0364363914    16.8208791408    22.5618349082  
36524304.0798    -8.81573121122    1.08331236207    0.121365376856    0.00337765141969    3.14324956925    5.81451079726    -0.224857332754    5.7739853738    0.170656916013    0.454221568925    0.9932    0.537131860671    3.76833786129    9.08550726559e-23    0.0    13.9796181915    14.7557620307    20.3263926432  
41310956.6178    -9.06043328736    0.605818933028    0.0142070923384    0.00586516435056    4.95842712172    4.1652087553    0.639938155654    3.76886077056    0.93694943326    0.875713513581    0.9854    -0.887796357479    5.0230093581    1.15922209111e-22    0.0    16.2684376441    16.1146508679    22.8985596921  
41603990.0116    -9.06651466016    0.709110352144    0.188516980725    0.00460634609154    1.04888044417    4.18413677325    -0.87424843598    0.208738312853    -0.720971796234    1.43070042568    0.9781    -0.903722606099    5.10994872397    1.1674819042e-22    0.0    14.3686937237    15.0477807735    20.8061304796  
48523319.2234    -8.98338902392    0.659837345539    0.0466911456987    0.00545188943918    2.02179176459    2.12366043544    -0.425118304055    1.87683490405    -0.799464755252    5.14759181425    0.9957    0.381925688349    1.58953486141    1.06440530729e-22    0.0    16.2269934243    16.1708364751    22.9087596324  
15705750.527    -9.16496502946    0.503820034529    0.137145718034    0.00594698999775    5.67593452891    2.52365672795    0.361240643195    3.81360157701    0.870588086537    5.99901283383    0.9688    -0.452206679961    3.59589060687    1.32258985585e-22    0.0    15.3922616584    16.0750529796    22.2559890199  
30637179.1322    -9.67736088202    0.134644974756    0.158344221589    0.00843467971092    4.70640405324    2.25897867475    0.621687895669    2.12798429321    0.967537052032    3.76392604999    0.9746    -0.525595688798    6.11722420209    4.40917885041e-22    0.0    76.4607098337    78.8045441777    109.801622626  
41094232.6621    -9.08938216795    1.04199224122    0.136483956333    0.00347399854504    4.43798291435    2.63355972129    0.365924621446    4.81791725587    -0.949989937473    2.15525831128    0.9864    -0.3440835669    5.99318590752    1.19991500612e-22    0.0    13.8115043012    14.6965063042    20.1679187972  
7757982.66441    -9.29026625365    0.766504398508    0.00211092623372    0.00502624323973    0.653712488089    4.00240769661    -0.510308301399    1.33546749944    0.845871164734    6.27564200639    0.9911    0.133804053419    6.01444948296    1.59741133742e-22    0.0    18.7314889529    19.143824602    26.7834780935  
11285203.5216    -9.08272693123    1.34383888687    0.110728407753    0.0026261748007    6.0058180595    1.27701746681    0.623508086659    5.92178775492    0.992640065866    4.81104971652    0.9903    0.0486399914421    2.43123412881    1.1903290365e-22    0.0    18.3140594377    16.8115238771    24.8602515707  
55950921.3907    -8.84349908701    0.236054451688    0.0609397311198    0.00825186461694    3.95036699461    4.53410238532    -0.621905232307    3.88629424592    0.144290890876    1.27481557775    0.993    -0.832803955057    0.872729624713    9.30625455558e-23    0.0    13.8071832123    14.503669687    20.0248531243  
14211380.092    -9.39899368589    1.16066155058    0.192725855714    0.00291948536596    3.78362138536    0.00565869120005    -0.947286207526    4.31072494108    0.499218252913    2.48770906334    0.9684    0.023501203385    2.61187959827    1.95215983665e-22    0.0    20.7363560211    20.4129740974    29.0978688659  
38808592.74    -9.59309022077    -0.501332981086    0.0349772776711    0.0175376198239    4.51848444542    5.81605900735    -0.124786873759    2.31215579436    0.725318078128    0.825233446116    0.9898    0.101157027843    1.04733881329    3.21192824622e-22    0.0    26.653124772    30.6756015039    40.6371946342  
58533969.4305    -8.89770662908    0.716967685225    0.050488420741    0.00513668885518    1.5264174259    4.9261642484    -0.151436015848    4.34681781289    0.57523902249    4.40923696671    0.9733    0.655472368724    3.74910886039    9.77575841228e-23    0.0    15.1674517626    14.9570389668    21.3017512807  
31508152.9803    -9.28467979556    0.277725837135    0.127464149559    0.00751970600953    6.04838229904    1.52185263567    -0.0443094352163    5.35632254092    0.727654488514    2.35184603107    0.9834    0.583494914402    2.74969872782    1.58273848156e-22    0.0    22.0747323177    23.1226880619    31.9679919623  
49566683.9402    -9.26404318409    1.86987677457    0.12877255135    0.00152842442168    3.09295512207    3.95191634564    0.993742740647    4.17136786384    -0.634841740016    1.17758848285    0.9855    0.785913585376    0.42312042693    1.53054715464e-22    0.0    26.1673894871    25.2121888334    36.3371261707  
49737140.3036    -8.86182294474    0.905052244213    0.179189553058    0.00382367574399    1.72984568727    4.82988982889    -0.150823054575    2.34877898785    -0.134990300347    3.69393578696    0.998    -0.478471784464    0.122372856639    9.45858334641e-23    0.0    14.0023094558    14.4667605315    20.1333511958  
50323084.0458    -9.03403173715    0.176308634825    0.0657024833857    0.00873156358264    5.63150300754    1.39051711159    -0.361124616788    3.47208151688    -0.0421911458085    2.20510789238    0.9733    0.980003215204    3.19594402193    1.12469347361e-22    0.0    17.2465994541    16.9267145164    24.1652406785  
33320883.8881    -8.92810566315    1.00501616951    0.18661427012    0.0034333421878    3.74638492368    1.87720708395    0.546957305745    1.25932551148    0.687758159647    5.05618028853    0.9881    -0.699283148635    3.47886757866    1.00645843559e-22    0.0    14.2623280467    15.2196539463    20.857897007  
36046797.8826    -9.43484155434    0.683408119802    0.175089611845    0.00479244813802    4.51087368202    5.04721725245    -0.217918642905    4.38082952983    -0.10580526141    1.42533985735    0.9718    0.313471050382    1.37465784052    2.10647647111e-22    0.0    17.9927474352    17.6144315828    25.1794988086  
51670990.8363    -9.04900892771    0.521455752811    0.144932432898    0.00580180650868    4.17041095326    2.80940515538    -0.0493346941586    1.25251426277    0.511986960254    6.05774072985    0.9818    0.218326241099    5.93354322381    1.1440477179e-22    0.0    15.9349395039    15.0576010342    21.9238145837  
23379172.8557    -9.19954039458    1.69537123143    0.0810167343446    0.00189083534522    0.514776869452    4.25565925038    -0.0544995123141    5.35405204566    0.907248944327    1.32395768176    0.9869    -0.0361609707757    2.99284741715    1.38812298609e-22    0.0    21.7420326759    25.0950295061    33.2035614173  
54845994.4677    -8.90908480017    0.92709820008    0.119116749365    0.00395625869079    6.12811796013    1.71768913131    -0.581068159409    4.43810670314    -0.720625223923    2.81808606954    0.9698    -0.148498318206    2.44033322895    9.88116657936e-23    0.0    15.1154711234    13.6315518161    20.3542789653  
31151784.5661    -9.25674180272    0.290927285383    0.0574824793847    0.00782933682197    5.55080418385    1.81638588351    -0.532517108364    0.82967163529    0.455199558982    3.72928639327    0.9955    -0.0797228213877    3.86225814088    1.51296701536e-22    0.0    15.3691297193    16.0259503705    22.2045318259  
22448891.2405    -9.04524354798    0.240851873557    0.0364235249007    0.00834192254737    0.488116886899    5.23166544746    0.744736211884    6.19795738447    0.386004370323    3.60893630978    0.9976    0.184822454694    2.4740826818    1.13908346828e-22    0.0    14.9897863715    14.7981965036    21.0637203557  
51476146.4298    -8.97619221576    1.41099939724    0.128905790518    0.00241813975308    1.94519026191    0.611234252298    0.262670090042    0.899430121498    -0.913946204732    5.76842079106    0.9979    -0.986361308065    3.52603588486    1.05640381965e-22    0.0    14.754914944    15.8666629964    21.6669912458  
43470936.9344    -8.88973960327    0.880128946306    0.159463010068    0.00399798051688    5.27125280255    2.634467019    -0.856730797997    0.866032157809    0.408396162448    5.78130180514    0.9857    0.677140639511    0.579590224469    9.70318569584e-23    0.0    15.6973192872    15.3353155478    21.9448794883  
5664800.03784    -9.48380127666    0.397972908435    0.171981012007    0.00639562717286    2.6537035235    2.32275017789    -0.849618290278    0.642838188578    0.167305812332    0.550361242616    0.9834    -0.383023624635    3.79509933209    2.35993319479e-22    0.0    28.7857036274    30.2241155009    41.7386378687  
54754416.0714    -9.27087484478    0.811684760425    0.0617871120868    0.00463778600461    3.59072472961    3.88470438031    0.436157558434    4.20958837226    0.818787794874    5.86619853287    0.9849    0.424375006063    3.7048324415    1.54733924637e-22    0.0    28.9572333214    31.2206037932    42.5822435158  
58674647.4097    -9.31495086329    1.32506459293    0.138776798569    0.00261214778498    5.64058537127    3.32094340768    -0.0619416920274    1.09516199715    -0.789444615866    3.12482464264    0.9667    0.322924904267    5.18957740427    1.66611667987e-22    0.0    31.0010763039    32.4223061578    44.8583623039  
61621352.1929    -9.03131008599    0.936580781585    0.107460517697    0.00395683897472    4.86745353562    1.91523742012    0.0761178980028    2.65057411969    0.372124010267    5.53729046396    0.9874    -0.372438901262    1.60904163746    1.12128386131e-22    0.0    19.9492381038    20.1465743109    28.3523642292  
39822462.0869    -9.28335427377    -0.110776297322    0.00475518301874    0.0120685835929    2.62655698419    1.44674497386    -0.50879067802    0.682281306409    -0.232652050403    1.85151375049    0.9759    -0.0152917637079    1.96139721062    1.57929517626e-22    0.0    22.5764153316    23.3908004579    32.5088307277  
57458206.6614    -9.22250838303    0.539531377232    0.197625461593    0.00540462402194    4.02751408612    5.91059395547    -0.370056725955    4.4184606451    0.0934597317529    2.38162689539    0.99    0.0395517558236    3.5541448697    1.43559612321e-22    0.0    21.4377538512    20.5492795247    29.6959623378  
42900414.4628    -8.74089321514    1.5852798929    0.0145585063294    0.00220202966352    0.0655220277465    0.106155960897    -0.817160020678    0.563649438923    0.932327345606    5.49930093996    0.9725    0.589267977168    4.14329846315    8.55049288816e-23    0.0    18.0219573748    18.1730338129    25.593946659  
60614375.429    -9.07878949239    0.830385455306    0.0808135250642    0.00449134889424    1.93179554949    5.96154569831    -0.518971970826    1.23181043511    -0.0226017484534    2.47928887879    0.9976    0.543670627426    3.1780884054    1.18466437242e-22    0.0    16.1758149066    14.9149921126    22.0025902478  
8764160.77974    -8.83625575879    1.6098820326    0.14390603284    0.0019555800576    5.33832765456    1.26109822995    -0.597234127349    1.69884374647    -0.517565847104    1.39928734096    0.9679    0.773075533571    2.35134967155    9.24759059452e-23    0.0    14.5733990154    15.1584106141    21.0276335142  
59464188.1951    -9.49329913624    0.236274174202    0.0461928666233    0.0083298072846    3.30034871729    2.20647850191    0.947431312845    5.47422388657    0.929146047329    4.7818915195    0.998    0.88376090592    4.24462303185    2.41600095747e-22    0.0    41.0197763715    41.8884664515    58.6281986353  
53619343.0313    -8.85230911262    1.26455901046    0.194336531008    0.00262684058689    4.68091370496    5.46103878676    -0.482753612885    2.21089746955    -0.187389284848    0.0864379040775    0.9918    0.461802911192    1.73646345902    9.37888157459e-23    0.0    14.5140880321    14.1955907538    20.3020577344  
34905250.3711    -9.38716762564    1.13357392276    0.0127211698242    0.00346279195416    1.29072544591    0.478083691165    -0.472040822386    0.851372768443    0.821818991103    4.67586023603    0.9721    -0.769285533905    2.08469751449    1.90614377197e-22    0.0    34.8467462036    36.1930110265    50.2417134276  
52680417.7213    -9.08594027369    0.470018120742    0.032757522887    0.00664802923432    3.91918864116    3.80463373409    0.127137318751    5.41396287327    0.836791313694    3.74984714109    0.9748    -0.511547263556    2.44398093705    1.19493772724e-22    0.0    18.6726919493    20.5925239723    27.7978680511  
8845280.72879    -9.40789591047    0.464898192758    0.128395937016    0.00623104644312    5.54543844334    5.85220497671    -0.730384782974    4.09611588584    -0.948543401304    0.511215650299    0.9953    -0.677948195344    3.55817232584    1.98841414959e-22    0.0    11.3937698098    18.154266585    21.4335108117  
29961217.3453    -9.40483991145    0.429961537746    0.0158073390311    0.00698677933251    4.33268864317    0.373610342959    0.900349377653    5.45344845691    -0.377044934998    2.30937825739    0.9786    -0.0714609260854    6.11393657315    1.97577788734e-22    0.0    23.4906479768    25.424660265    34.6153707471  
52765984.2216    -9.03970498259    0.482865927998    0.13727767214    0.00607219931452    4.93840003006    4.02156517855    0.845070565633    1.23683227487    0.927061096982    5.91587272642    0.9697    -0.523020917362    3.70118088131    1.13190850605e-22    0.0    18.5898802329    18.377036705    26.1399909168  
61543163.8175    -9.26716639729    0.674014483203    0.026857737245    0.00543996710799    1.60373244763    5.69249236497    -0.690508665047    0.381358242186    -0.777891634547    3.54569901735    0.9864    -0.39534512931    0.798254019197    1.53812355595e-22    0.0    24.5063920153    24.9978908189    35.0065393176  
54689377.2982    -8.87177918495    1.68925760257    0.0900207421514    0.00188971875705    1.46133017148    1.15234108894    0.248731214656    1.54147545278    0.568841302611    5.10486731259    0.998    0.616260295006    0.252118960149    9.54395862622e-23    0.0    16.8171030948    15.3330936676    22.7578276186  
44837083.261    -9.03287619247    1.02988118093    0.0956478156867    0.0036382200145    5.73663533399    4.38350546927    -0.404159289115    4.05815324538    0.969233228036    0.216279315436    0.9891    -0.815060227548    4.01475011971    1.12319241764e-22    0.0    18.2063497494    20.3440979564    27.3011628481  
46082615.0776    -9.4215517118    0.21660897045    0.0854822328515    0.00826876753633    1.13616965133    4.41503027687    -0.763593805821    3.01797139134    0.00649628110171    2.92442143852    0.9853    -0.263112053634    1.00954172049    2.04667673413e-22    0.0    30.8504089629    32.2646733697    44.6403055639  
35451506.9181    -9.16892673818    -0.00578936060684    0.0747162025774    0.0104096230078    5.46977497514    4.4689087356    0.197460210682    1.09484915575    -0.0584703056927    2.12136719452    0.9851    -0.962354397026    1.39052135747    1.32974649322e-22    0.0    15.3494903275    15.9622132493    22.1449566522  
22710015.7255    -8.94277274241    1.48218126612    0.127754540268    0.00225425452904    4.49570711731    3.75807743379    0.555621100946    1.33910626734    0.89305795564    4.42087151571    0.9912    0.117249864347    2.01521331939    1.021069854e-22    0.0    19.5589222845    19.0117557987    27.2763322219  
23905724.112    -9.2606706746    0.209861812882    0.194326430148    0.00754201876512    4.78974072779    4.12195979298    0.783264783104    1.09602534051    0.420590715253    3.56485194167    0.996    -0.499062504898    3.16070859642    1.52243158502e-22    0.0    17.5406277887    17.3942125582    24.7028794626  
50690442.5339    -8.98728275758    1.84776165602    0.100580496854    0.00159960996289    5.25608990355    0.0450971008363    0.424650629408    0.40220554812    -0.250313135113    3.89788012816    0.9701    -0.625921536516    5.49173067692    1.06879818766e-22    0.0    22.9075314494    23.8178288875    33.0460885737  
42051761.4617    -8.95132756785    0.868507078245    0.0694582242634    0.00435857241304    2.35260225725    1.99381103843    0.257187903476    0.655452206161    0.0944553079176    1.71683490547    0.9832    0.498146368752    2.80505684252    1.02991526873e-22    0.0    13.8398057337    15.9753012181    21.1364725476  
52116863.0628    -9.1921129957    0.086153636524    0.0326753329437    0.00975942677272    6.11801259011    1.13535732099    0.944106082125    6.21356774802    0.560919717734    1.50147211787    0.987    0.618970310792    5.79122193531    1.37337263358e-22    0.0    16.7975621367    16.7113929971    23.694487748  
8709908.48816    -9.28877347734    0.96371690772    0.0654649214075    0.00397370682366    1.01571017869    4.5176125679    -0.778285902171    2.22084453071    0.561250820932    6.00049579043    0.9888    -0.930034450644    2.51534954593    1.59346911283e-22    0.0    19.472087381    18.7128267989    27.0061488142  
38764189.6426    -9.3498410346    -1.50424284724    0.0146340521297    0.0483691082546    3.02332560631    2.88577242451    0.350996097823    3.74649872278    0.833712085887    6.04136762267    0.9891    -0.166700531217    0.199222607823    1.77417350903e-22    0.0    15.2203015062    15.694964228    21.8629705222  
39854863.5211    -9.45156507984    0.723788704611    0.189857129224    0.00453278893916    0.564355494224    0.429233372427    -0.644377653472    0.78846527645    0.930434348797    3.14407695159    0.9929    -0.426846229333    3.90766941268    2.18691749213e-22    0.0    33.7550401251    36.6591487163    49.8326792221  
45020119.4216    -9.27024709837    0.3805778019    0.050926179452    0.00718874463688    4.42617210825    5.68932899925    0.867681297874    1.13420072146    0.397963876002    3.88476330537    0.9943    -0.684498503327    1.20280056235    1.54579998632e-22    0.0    18.3050658987    17.4116419016    25.2634263564  
42453656.9168    -9.58181501066    0.42061463331    0.131303730655    0.00649662044191    3.76221039185    3.17868207756    -0.844850892855    2.35960317121    0.477314733972    4.46549230476    0.9864    0.646057321422    3.96753545394    3.09744744749e-22    0.0    45.3503247005    45.8511902974    64.490182215  
12790914.5754    -9.47215040945    -0.462825716097    0.0119329530625    0.0170968882787    2.72800228511    4.31375726746    0.175586697792    1.57034370372    0.134289394623    2.18623980897    0.9882    0.134901195009    4.16144940748    2.29426281704e-22    0.0    15.0176304435    13.2858130006    20.0509862905  
20084750.2229    -9.32109460176    0.949816464053    0.0802113377301    0.00398748893725    2.30788064929    2.6604718639    0.571961086669    1.7791385507    0.673398548562    3.76822471924    0.9975    0.670190248506    0.591598973533    1.68409719935e-22    0.0    19.6965474394    19.3198140146    27.5900198368  
20146763.9685    -9.07473846117    0.451746844076    0.0583901318543    0.00666223313072    1.64879155916    4.0455642984    0.0210571437584    3.74607707136    0.577037196777    4.83562217655    0.9747    -0.557108116818    2.25212308987    1.17893686892e-22    0.0    14.5690650187    16.0585521248    21.6825909859  
56501137.7197    -8.94639771334    1.30494137918    0.111290801756    0.00272908135722    5.9940956462    3.74188727647    -0.214013321185    5.9440354507    -0.160901191013    3.93489279308    0.9767    -0.235854329584    0.607627582306    1.02478445813e-22    0.0    14.8743522655    13.5835552206    20.1434686126  
60699198.9514    -9.50672303987    0.638466879861    0.1794490312    0.00499047409092    1.16670993274    1.45708036759    0.214039797594    4.60941366747    0.300098895916    2.88349612216    0.9969    -0.943563944859    5.15569370522    2.50028909286e-22    0.0    46.8719975585    42.6446471274    63.3683681638  
26526746.7164    -8.96838922969    1.46508434369    0.0335980573139    0.00245654234008    0.804832262194    2.12040015829    -0.37170451175    3.34045596845    0.877198740674    2.18996605171    0.9744    -0.465155591498    0.628668562038    1.04794564908e-22    0.0    17.3805952542    16.255426249    23.7975623527  
22640686.9137    -9.52706771534    1.54307063625    0.000621865429619    0.00231372063178    5.02111522017    1.82622384527    0.312487813953    5.7672837815    0.0321907646126    0.0606722985737    0.9799    0.885890147636    4.87615625838    2.63872225488e-22    0.0    52.6383189341    54.7917701438    75.9798045253  
60717295.1993    -9.1464969394    0.356962514917    0.126198936564    0.00695448370547    4.21404952863    1.11447154496    0.400345525455    1.09543740082    0.525239320843    2.56539706101    0.9758    0.983038797248    4.74265112189    1.29019265839e-22    0.0    18.1953643423    18.9039731334    26.2379778904  
