tPlunge     logmu     logM     ePlunge     nuPlunge     gamPlunge     phiPlunge     costhetaSky     phiSky     cosLambda     alpPlunge     SMBHspin     costhetaSpin     phiSpin     Zeta     SMBHQuad      SNRI     SNRII     SNR_tot   
53599610.4309    -9.10097090219    0.736593649123    0.0771230843717    0.00494621457899    3.96846597392    2.54296103471    -0.000528664406919    0.0894222490264    -0.828264700515    6.23732847649    0.9682    0.0241710712129    1.27978024296    1.2170828998e-22    0.0    16.7547922293    15.6276408643    22.9117049044  
59671217.1936    -9.26186272429    -0.00477987492785    0.0343337628208    0.0106779432901    3.60790031904    6.20597198736    0.580684385134    1.80624740135    0.249725077487    1.29847142104    0.9782    -0.754978008322    1.69091619315    1.52524254118e-22    0.0    24.2838394752    23.7977926101    34.0005851828  
40679533.7038    -9.03229892048    1.05095146025    0.0406692370513    0.00370101273649    3.44029223127    3.43943028678    -0.887548813356    5.11213943039    0.0560669107899    5.98375048003    0.9766    0.0868314501381    4.47027766272    1.12251523401e-22    0.0    17.8175183436    15.5057212937    23.6197238079  
26509048.241    -9.08207683477    0.671443360642    0.197388047542    0.00473793156415    0.191663932552    1.53686447138    0.077408581785    4.40305619913    -0.902570778054    2.39208083282    0.9902    0.325791216024    1.52696583625    1.18937160124e-22    0.0    17.1614780021    17.1865678343    24.2877426111  
24286455.4132    -8.71793449884    1.61284377938    0.0580414527084    0.00208671262676    6.06658591105    2.86211969191    -0.0886515115649    1.38503977717    -0.827703949447    2.92018743747    0.9829    -0.327666411944    4.6799635671    8.401278617e-23    0.0    16.596295998    15.7196459766    22.8592281252  
10029642.6624    -9.35974323251    0.778999448957    0.0810416523825    0.00472738533725    4.12456313321    4.03732981555    -0.46940394173    3.40426255883    0.255530448267    1.61194217497    0.998    -0.356620370619    0.780386453993    1.80738732156e-22    0.0    14.7616242357    16.2894706958    21.9830026526  
705326.319498    -9.49369139566    1.62733408648    0.171933982239    0.00187067731397    3.99509828118    2.07179982256    0.330458727464    2.84630880364    -0.606780281622    4.44655319291    0.9893    -0.980277430879    4.66451208553    2.41832544178e-22    0.0    14.50643606    15.8399217565    21.4788223238  
31351933.5956    -8.97599737135    1.52010651656    0.0923359691297    0.00223405210571    3.34692776307    0.500635752262    -0.25506826784    2.04312236015    0.346273873987    1.71586568969    0.9811    -0.487301688348    4.66580156228    1.05626435009e-22    0.0    16.2208635794    16.3795863155    23.0522724071  
53178019.4767    -9.11015239979    1.05967518044    0.136643319864    0.00341262082591    4.17515257639    2.7222174223    0.98146319124    2.93440607648    0.716307661101    5.51099299502    0.9841    0.592120996633    1.46090849144    1.23109190572e-22    0.0    16.4769495132    17.2915728074    23.8848980617  
15080181.9266    -9.53787569194    0.789678967156    0.0438111135002    0.00479671356001    5.50531636339    1.8899050596    0.0481699500862    2.45174428874    0.452347987005    4.29131346019    0.9782    -0.136993439817    5.29902410407    2.71849224077e-22    0.0    34.3316435272    36.8167102825    50.3401619316  
61652860.6676    -9.37926337183    0.307251597375    0.13115618518    0.00727740928594    5.96122266829    0.484420325434    -0.460267996191    3.55748961563    0.353019401219    4.52582642423    0.9737    -0.641118841494    0.329382145011    1.87684184575e-22    0.0    27.0147579522    25.7061730425    37.2908095877  
60677479.3989    -9.08907671118    0.816644358878    0.0141329598771    0.00475047741829    0.238433682686    5.75151483837    0.515493841928    6.19654665973    0.676571215683    2.4438834038    0.9844    0.187928003578    3.35776173837    1.19952023415e-22    0.0    18.1714567238    17.3122932574    25.0981540615  
43984645.6502    -8.7366516228    1.11173507845    0.174683646888    0.00312403654675    2.65878364097    4.91909113644    -0.571528467715    1.94254806395    0.783573208787    6.27805997847    0.9735    0.0779784668758    5.18193867144    8.52229926282e-23    0.0    17.2493439821    17.4096944006    24.5079033566  
18270510.6716    -9.60925365967    0.479522925285    0.0403203781502    0.00655514073318    3.13032505349    2.72704864658    -0.122164872873    0.115989529735    0.716935377043    6.07569785238    0.9827    -0.748393396908    0.616158898382    3.39035389879e-22    0.0    52.6773368706    49.1543553816    72.0489588596  
18669379.6672    -9.53364735583    0.239675071382    0.0904576310719    0.00805005749208    4.0854012959    2.8406446355    0.454778120617    2.82019681027    0.765936251629    0.0962323751885    0.9785    -0.297154310729    5.41557797286    2.68703047224e-22    0.0    31.4647942325    31.531417823    44.5450736448  
57954592.1374    -9.15788261436    0.586196982172    0.110261620128    0.00560439993703    0.435655480771    2.3422521058    0.881361187725    5.92761482687    0.484941545617    2.57558730311    0.9788    -0.0927968055573    1.27531113533    1.30997245969e-22    0.0    17.9818154026    19.1683427647    26.282523652  
36789866.5669    -9.10752685036    0.594415438968    0.118543959111    0.00552047643488    0.036518791495    4.50778463276    -0.381225359015    5.04040273471    0.486427573324    0.295472575068    0.9842    0.100692144357    1.82100940261    1.22712619156e-22    0.0    14.8957820561    13.618347224    20.1827575959  
28720398.7749    -9.36031531491    0.0600208175478    0.112762720557    0.00946570416226    0.14893131834    3.86863517263    0.617965887899    0.106301172257    0.142410514464    0.0732718165844    0.9912    0.466482440523    1.3152451671    1.80928476619e-22    0.0    19.0055283022    18.2808198386    26.3704091742  
36679698.5976    -9.25534972701    1.14312455295    0.126734330043    0.00316692552979    2.06417588413    5.65761951474    0.0107938661653    4.32957129292    0.895919272773    5.44639485019    0.9873    -0.218685577193    1.72381037942    1.50968151972e-22    0.0    33.5553428007    32.6634892171    46.8280317578  
17382762.7061    -9.28637903131    0.160436829714    0.0511793791079    0.00895752685068    1.65106373316    3.49459978342    -0.995634054169    4.20519384748    0.899924495515    1.70364911785    0.998    -0.96724800268    3.5275196784    1.58715336215e-22    0.0    20.9693894742    20.5222027188    29.3406901649  
42655068.1141    -9.00265087499    1.07254045792    0.174985069864    0.00324792086226    1.5677440963    0.404378474376    0.263789390175    0.876746921655    -0.561174134172    3.87957693417    0.9904    -0.301909852627    5.83227868509    1.08644434852e-22    0.0    13.3189460262    15.5726477146    20.4915026314  
24415960.519    -9.14294519323    1.52009611391    0.0874290951844    0.00224239256911    5.14715722406    1.85455023516    -0.258523400587    0.0758632698044    -0.899971298277    3.29499847813    0.989    -0.240009815609    3.97944277922    1.28420790229e-22    0.0    20.7592123461    17.1486001002    26.9261839597  
31730613.5898    -9.12686738276    0.964902562814    0.177315188381    0.00360846228721    4.50596030884    0.0532699406367    -0.38145435265    5.84393872639    0.690945627338    4.09578158171    0.974    0.930702949544    4.40221897277    1.25749068559e-22    0.0    21.7364789054    20.4022868385    29.811538428  
22893622.6041    -9.62151287826    -0.184137616118    0.000457915729353    0.0130155834948    4.97513403028    0.719249298951    0.837496245718    1.7628107399    0.62855686703    6.01119040906    0.9888    0.820097397135    3.3256578765    3.53818956397e-22    0.0    34.5851225035    33.6930342801    48.2840683619  
53465124.7802    -9.14446582574    0.916909996605    0.0738276640956    0.00413986809004    4.31537873061    3.42371345635    0.673515361316    1.80673094125    0.616505247747    5.54699679468    0.9923    -0.127065393416    5.65934932422    1.28669240671e-22    0.0    19.1605952546    18.9413821066    26.9426124683  
37133543.8154    -9.30088639209    0.53023092096    0.187136817264    0.00551664522598    5.00040041989    0.377738855173    -0.849500301738    6.07765340464    0.54894064368    5.00761462333    0.9761    0.678256815553    1.13106966072    1.62638890238e-22    0.0    24.593778803    23.0512977513    33.707807461  
60625169.1121    -8.89360752586    0.705869726831    0.0501058175946    0.00519529113188    2.9821125558    1.71335603767    -0.118785714723    4.82400817758    0.847785873495    3.65830617423    0.972    -0.561523468887    4.0196147999    9.73842712765e-23    0.0    15.7390062102    15.2349968088    21.9048269623  
18658311.7579    -9.43342455629    0.539071481465    0.0967726936619    0.00593835158903    4.12515236177    1.95313712639    -0.72093492603    1.00553714216    0.236921911443    0.462422260194    0.98    0.729729804227    6.07913524764    2.09994622645e-22    0.0    27.6212048638    30.0075818452    40.7846285545  
40510144.4255    -9.01732441597    0.211666895258    0.107493885117    0.00816888449645    0.344738360043    4.11428112446    0.394308563214    4.80292991798    -0.285476587792    5.60466407379    0.9798    0.82345280636    2.78474272822    1.10395774175e-22    0.0    14.7901432069    14.5992210549    20.7818572675  
48021347.9441    -9.35472296982    0.820170297615    0.00647302752426    0.00475298495648    5.49378704364    1.10186193015    -0.486994237371    3.48437622818    -0.334433141608    1.44464772318    0.998    0.697459622737    2.12164194357    1.79049359435e-22    0.0    33.1748906546    33.9456461472    47.4645158228  
61621539.0769    -8.83392053478    1.19429806223    0.175959276149    0.0028727453357    4.09409714185    5.74972900773    0.895929915702    2.17780456273    0.399706218693    0.610682929691    0.9715    -0.552268360174    3.10382321999    9.22872435704e-23    0.0    16.1728643249    16.3713575695    23.0126680144  
36400016.7578    -9.06630139962    0.251799954708    0.109474435611    0.00783492525842    5.56686890836    3.25704658463    0.0469860717516    4.4248340977    -0.153790894127    4.59063399731    0.982    -0.659348347556    0.0430502311225    1.16726930204e-22    0.0    14.8248596554    13.6292916528    20.1378761234  
44258512.8364    -9.35745817011    -0.0568564624871    0.126010183658    0.0105209520003    2.31659795475    0.244353124598    -0.297938152934    3.38110019646    0.508891273669    5.25278971061    0.9925    0.902014763345    0.868265889214    1.79951104381e-22    0.0    17.488532638    17.2424405144    24.5591231261  
39158755.1168    -9.26477106184    1.03261973254    0.134527190645    0.00351284129676    0.105462829817    0.383302696021    -0.730928719408    4.30060347426    -0.549281083242    1.29078149358    0.9796    -0.973092688793    4.27749804999    1.53223518217e-22    0.0    19.4623634173    21.0058206781    28.6361326325  
46196422.8937    -8.98037101156    1.03817672806    0.0742320591681    0.00366603082806    0.387288688657    3.37213271123    0.375948015702    3.18952620784    0.463460376481    4.14307481212    0.971    0.562388135522    5.20888738669    1.06103577375e-22    0.0    17.2136725427    15.2968222649    23.028315045  
5909356.65639    -9.41639377689    0.698402019615    0.04059538318    0.00526563310555    1.80623577503    0.258103268953    -0.946155994932    5.23425562925    0.674137491385    0.570501870756    0.9821    0.37514809845    2.74887445046    2.02433982622e-22    0.0    16.0315994034    17.4020259526    23.6609950485  
39534809.8883    -8.68332077859    1.29585275594    0.127374753228    0.00271686254223    3.35013034385    4.17135246447    -0.00611224222327    1.37348911865    0.899094384712    3.50758659452    0.9768    -0.483644544269    1.31344055699    8.18839938866e-23    0.0    16.845531986    15.9489431958    23.1978606115  
36482163.2608    -9.17152924278    0.450052826805    0.0863437143462    0.00654302224794    3.36513918865    2.53372425967    0.171212393015    4.01748432976    0.580136550997    2.96362117302    0.9891    -0.733176658653    4.63867543754    1.334473837e-22    0.0    19.3277188677    20.0283660773    27.8333642299  
39812708.0497    -8.96626465139    1.39191438945    0.105005166485    0.00251453777426    2.78713119988    4.29917449969    -0.744223053388    1.53706847272    0.953576302439    2.08324722156    0.9943    -0.723779010248    1.6649625152    1.04569376134e-22    0.0    27.7208546737    27.5626942318    39.0915322948  
36617349.2318    -9.33611830646    0.634535663223    0.153354388923    0.00514087778787    3.53632121643    3.17471343945    0.935287108447    1.08552673035    0.394015384317    3.38907333611    0.9918    -0.0345241075198    4.30211092867    1.72990004795e-22    0.0    21.5330347473    23.3292478009    31.7478406885  
52194770.8065    -9.03829401833    0.718910313228    0.0625414878052    0.00508604636528    1.20231220167    2.80592193575    0.770055123895    1.68791079044    -0.679883438945    5.32160775693    0.9783    -0.659253756609    4.93353215209    1.13005452371e-22    0.0    15.3071536033    15.2385924994    21.5991586132  
15482257.3328    -9.15676153801    0.337948092951    0.0431821502216    0.00753873275851    4.52336177125    5.39020277437    0.163109357155    3.01546153939    -0.278760948649    5.25625452236    0.9688    0.891725704759    5.99887707018    1.30797784047e-22    0.0    15.9088745254    14.5991830245    21.5923234889  
27910077.6218    -8.85935796528    0.852485439953    0.010676296535    0.00459171646616    1.22829532469    0.960439321841    -0.479699627945    4.89736357734    0.527450024887    2.19430937573    0.9947    -0.633876552206    3.72971016541    9.43751077446e-23    0.0    15.5751396872    15.6816503149    22.1020164888  
51119667.5041    -9.06762434871    1.00388284805    0.0278530432563    0.00390918827973    3.97655443528    2.08825377851    0.791694170136    2.87277291607    -0.285093210691    2.08648268821    0.9792    0.873076227546    6.22953681716    1.1690826875e-22    0.0    15.9415740061    13.9901610658    21.2098653564  
58983131.7128    -8.99746207114    0.747078042412    0.0969648132966    0.00482241870645    5.23756973817    1.46097352643    0.706786832995    2.52450942111    -0.39080287628    3.0143532558    0.9784    0.507483221305    4.75098451756    1.08043485846e-22    0.0    16.7703713106    17.0625244529    23.9243619477  
59902895.1945    -8.93608601577    1.22798510172    0.17909150518    0.00276870593817    0.154421307132    5.37352636779    0.454445613882    4.62258309217    -0.769529247027    6.10066958231    0.9806    0.310571929552    4.86248629319    1.01438617001e-22    0.0    17.2501957009    14.7545665801    22.6994820797  
32931885.2663    -9.31560731845    1.42364955527    0.198598872993    0.00223017037812    0.0444484604918    3.23793593265    -0.75642112089    5.72362905525    -0.118226507662    2.88032126394    0.9952    -0.264069259292    2.22474898529    1.66810409647e-22    0.0    35.0104906208    36.2989489214    50.4316185176  
29480557.5923    -9.13908489432    0.618579954258    0.15752262131    0.00520284843843    3.43891111427    5.40574914004    -0.0589361746934    2.45895514422    0.765292952242    5.49481187344    0.9932    -0.0398760341417    5.59541466981    1.27766582888e-22    0.0    21.8049316279    23.2260303751    31.8575506008  
8924887.0878    -9.16214481608    0.671505340572    0.188489780547    0.00478300348909    4.49142457166    5.29533584506    0.135611850629    3.46394729134    0.627934455053    5.20699297865    0.9815    0.0197757447465    4.76204335334    1.31748122479e-22    0.0    15.4160964686    13.5342627846    20.5141975094  
50674567.4419    -9.05708943967    0.821230867783    0.037991779573    0.00466442654451    5.63934403318    4.64379734413    -0.22889206681    2.38660308454    -0.518506741505    5.05763570809    0.9877    -0.283436224175    3.37635493088    1.15477898983e-22    0.0    17.999748009    18.605638244    25.8874622714  
30745129.2968    -9.60274231501    1.04072701884    0.0158422121692    0.00379329568201    3.17198664189    0.741738941897    0.742728922963    2.52082122681    -0.0703455262375    4.11465051048    0.9748    -0.927739179202    5.19907483124    3.3157701725e-22    0.0    45.5982758715    45.6585012339    64.5282999728  
24979461.0079    -8.99456011923    1.12737369106    0.0798118898849    0.00333974848905    4.71123272462    1.13813590329    -0.432950866373    3.2408212463    -0.244693599739    6.1194279752    0.99    0.564727006807    1.32558504633    1.0771076442e-22    0.0    17.5820475282    17.673277103    24.929362584  
2248528.00306    -9.29352610958    1.36237718378    0.0155224746334    0.00275043514361    0.711715332586    0.858831320401    0.404677232631    4.11115935913    0.0168955228626    0.584777949414    0.9674    0.128298888398    5.37791523391    1.60625855795e-22    0.0    17.275484471    17.8326019431    24.8282914388  
37904416.7314    -8.79204710214    1.26587484257    0.115070982211    0.00282896245803    2.23656809784    1.29744263115    0.417689024709    3.79144856689    0.970980328291    5.21737024761    0.9851    0.199499663818    4.68011286219    8.9072694267e-23    0.0    16.7901131906    17.5208761392    24.2670352874  
47978085.6463    -9.00818860985    0.527276777259    0.00852728002272    0.00636360832915    2.79120818603    1.29273847508    -0.840242202076    2.44782953744    0.823127238176    5.64528006274    0.9722    -0.667216276861    2.54745784065    1.09295611689e-22    0.0    20.7719964506    20.8217682859    29.4112541571  
34225444.3233    -9.29133388841    0.277979499565    0.0995472131783    0.00769334191779    0.45372010727    0.785165466147    0.783449168752    1.40031547627    -0.446548075404    4.34280653694    0.9767    0.527934784817    5.57362617376    1.60038118903e-22    0.0    18.519972307    19.1562423844    26.6449056396  
27457576.8162    -9.19773916244    0.985213152815    0.197764207002    0.00346053220427    1.87039552115    5.56691816273    -0.456848799873    5.84744335186    -0.161789399195    2.47828699217    0.9695    -0.479042356415    1.16503170768    1.38459800694e-22    0.0    22.2712931698    21.5270195511    30.974555206  
31300296.7439    -8.75957837426    0.95479787457    0.0493671605933    0.00405235546884    6.04343220711    4.96341167489    -0.428269841452    5.10480721225    -0.398245817132    0.0690454075077    0.9816    -0.836931118078    2.61751086345    8.67667037875e-23    0.0    14.6217536436    14.6420889974    20.6926665711  
36695116.8332    -9.40801594408    -0.393855822029    0.0437464086096    0.0156662105555    6.1309577737    4.69575598412    -0.686961688835    4.04858361022    0.936037658496    1.78025375779    0.9953    0.205938586114    2.05802386051    1.98911791521e-22    0.0    14.3284932195    16.7907754523    22.0734197221  
40687998.4224    -9.20197965816    1.11406207547    0.146263800081    0.00320378849132    1.68628166822    5.67671556964    -0.462439641674    5.20260663311    -0.148452919346    4.37185615417    0.9846    -0.686825435757    0.466049716282    1.39295104213e-22    0.0    24.0091392976    23.5153126042    33.6066763707  
39561099.5907    -9.57746826209    -0.628471298165    0.188521928666    0.0175492525455    5.43590884223    5.53112449727    -0.246830421243    4.04712200879    0.928032729162    1.17451507748    0.9883    0.739468547628    1.72568731316    3.05543598518e-22    0.0    20.4424662859    22.341020963    30.2822661887  
55120675.6301    -9.66029974291    1.91019034939    0.0428329656977    0.00156522424804    3.0526383784    3.39776413838    0.229751910762    1.31491106688    0.476171978832    0.506480997785    0.9973    -0.950720901676    3.85674965399    4.10386814592e-22    0.0    100.564984639    96.4142910741    139.316300764  
36591408.8107    -9.37565410025    -0.197780178082    0.108673654178    0.0122904556968    1.51836508473    4.45007691905    0.65812780941    5.79756892511    0.453417870883    0.0872379246528    0.9947    -0.0790645491895    0.260396791613    1.86342538079e-22    0.0    15.3923631066    14.3789051313    21.0636595772  
12934068.0471    -9.56812636825    0.827584809604    0.1289032408    0.00433367260913    0.84490038349    3.25258690427    -0.262869004797    1.31530569315    0.710702522199    5.58468572943    0.9694    0.364597077527    1.13478230696    2.96900324886e-22    0.0    52.7597997026    53.9235181315    75.4409853617  
16988922.3979    -8.91482280543    1.95038547289    0.192176101471    0.00132613851982    4.18568746452    1.04343799132    -0.752513170017    2.65864413683    0.180796588417    2.55210749212    0.9707    -0.444384701842    3.64009761079    9.93588430265e-23    0.0    15.1495963085    15.1967702855    21.4581475301  
12252317.4047    -8.94704100703    1.51406358746    0.0732420826992    0.0022794313503    0.163024449334    1.52958341654    -0.138279726172    1.40951166779    -0.763040130319    0.632006495237    0.9938    0.618503440813    2.18891740124    1.02549616149e-22    0.0    16.3102667349    16.0472047437    22.8809436224  
62600473.1264    -9.05886578932    0.885308451796    0.148127697553    0.00402030581613    4.99565556743    3.60291452715    0.649997996521    4.14288147265    0.395852802749    2.41737085903    0.9882    -0.378894780244    0.0671570299132    1.15707142793e-22    0.0    14.9346413502    14.4784850362    20.8007221318  
28856221.7539    -9.21164868242    1.66230941925    0.0301747201903    0.00202091667462    4.45495972445    4.17995607117    -0.30975464972    0.0138298299914    -0.417328571225    4.08950304951    0.9911    -0.470727928578    2.56651974317    1.41277069999e-22    0.0    24.9352530095    22.8224601738    33.8028331806  
51126773.4303    -9.11694845563    1.90276328242    0.129239897054    0.00147837414884    2.99683788378    2.59588793315    -0.241314208329    0.866931652175    0.33263501396    0.308304201578    0.998    -0.0102479475049    4.91486921516    1.24168464219e-22    0.0    19.364380117    21.3730187481    28.8406856319  
31981634.9695    -8.91025166145    1.20937956375    0.00117621008932    0.00322931286719    1.30162924962    6.09000422558    -0.412295309052    2.86887992361    0.31380358404    0.278666098604    0.9891    0.634221557017    2.04251593032    9.89272048655e-23    0.0    15.8939191685    15.6524097289    22.3072767692  
40860387.0575    -8.95170779599    0.451589206781    0.104474615347    0.00644200010307    4.58808768418    6.07409821365    0.723623165938    3.92477986595    0.654178778826    5.78009864489    0.997    0.321662896729    1.23735175621    1.03029926348e-22    0.0    14.1173705363    14.7739304956    20.4345093689  
50867224.3141    -9.06711203174    1.41563686262    0.107239218366    0.00245117699189    2.52564574274    0.856577085404    -0.0783615073465    4.15479586275    -0.0553753333405    1.53650107464    0.9859    -0.802709326175    5.20217559669    1.16836535504e-22    0.0    22.1429822313    22.2525648448    31.3924880229  
23861991.8171    -8.91555613146    1.37469664913    0.0904267625114    0.00258747134118    6.27455006176    3.33173969775    0.38629977178    0.892118292715    0.398514244987    1.62600301125    0.9842    -0.887783251289    5.80907323853    9.94305339337e-23    0.0    19.9424938826    19.966399555    28.2198542421  
50289628.0708    -8.96526187438    1.61834024705    0.0552287994964    0.00207913750618    1.62740544167    4.36316310151    0.582782138719    3.29265024174    0.48817404111    1.82836256823    0.998    -0.548630427013    2.41652387131    1.0445673452e-22    0.0    16.8354992927    14.2970328748    22.0870818683  
24034976.5313    -8.7138489368    1.1831223099    0.108496797195    0.00308966957877    5.08219963012    4.89710085344    0.594438177439    0.136052553839    0.795720543432    4.15613022815    0.975    0.712150705615    0.662000147328    8.37543187935e-23    0.0    15.3484138393    15.934222855    22.1240426997  
55593167.2944    -9.15648146519    1.53280931202    0.0160306852984    0.00231880083243    3.73256759348    0.136852779822    -0.249859099404    1.1389556128    -0.843949434299    1.86446898585    0.9748    0.0836512306768    2.84667415157    1.30740997523e-22    0.0    18.538377849    19.1435536132    26.6485852948  
9591008.40627    -8.91098164177    1.24618172044    0.155060420302    0.0027841928118    3.76417316887    5.90969464362    -0.173684750922    1.0475712559    -0.319975543172    0.434453949945    0.9866    0.876717811466    5.52612608334    9.89909056457e-23    0.0    16.4531972882    16.4744067817    23.2833369561  
53255072.5767    -9.15947296036    0.49918072922    0.0937058916875    0.00619469213914    4.6670914783    5.37647758944    -0.522735559296    4.6053866287    -0.166129850426    3.55487439714    0.9914    0.435922223654    0.0487690353238    1.31269410315e-22    0.0    20.018718426    19.6755047451    28.0691035552  
58944726.926    -9.05093894425    0.914649338226    0.0912771286145    0.00409629131481    0.952048955896    1.2607819268    -0.412897043468    3.8662445192    0.3147529149    5.24371804581    0.998    0.727316989061    5.16968442861    1.14650638112e-22    0.0    21.6297269395    21.446077826    30.4594704747  
52815883.0247    -9.42802146093    0.457667118817    0.00238005395325    0.00684401014079    4.45543649502    0.380441289501    -0.621577310545    1.29881029561    0.339040052425    1.32713639966    0.9961    -0.372445165941    4.84782123546    2.07549333846e-22    0.0    31.74542475    32.8141383972    45.6567593168  
55846463.3276    -9.01036392492    0.842858205023    0.0227220312505    0.00460566911155    3.79912297627    3.4532713312    -0.723202449378    3.1219025625    -0.162480137217    0.425830646226    0.9813    0.331372201579    4.51671853114    1.09562592179e-22    0.0    19.4624771763    19.7098389591    27.6995626253  
19538447.2467    -9.56152661109    0.458172421076    0.11632737285    0.00633801462295    0.902099274227    0.207305817521    -0.790325456128    2.76587834408    0.590191730341    0.268914449563    0.9824    0.0311969728334    5.07253813093    2.91055937121e-22    0.0    44.180983594    44.5788786238    62.7633310994  
35553503.5236    -9.34978440785    -0.392728396107    0.028582977997    0.0157922227504    3.79380757771    4.14082423621    -0.420832927893    3.70084582191    0.618314522331    2.00055751351    0.9531    -0.257063061817    3.0826270545    1.77386431772e-22    0.0    17.4265451155    18.0804961423    25.1115275404  
25411418.6508    -9.66323932884    0.967105269986    0.144056317265    0.00371851958143    3.26001806203    1.66961244034    -0.834950629072    4.85648603298    0.562243591514    0.133133555044    0.9795    -0.656409426693    0.177109015998    4.15261497335e-22    0.0    72.9456625662    71.3742710841    102.055652759  
61309205.6718    -9.53869614871    0.71632707996    0.139090918986    0.00480005170962    0.173474341    0.548102682    -0.717789993178    4.58850551673    0.45528859565    1.56046795734    0.9816    0.624363400503    4.6479211109    2.72515014433e-22    0.0    54.9204117905    55.8211900667    78.3087280684  
55510664.4008    -9.29112027025    -0.424786111168    0.10710855787    0.0154420894578    4.1279907307    2.11096704193    -0.826824954559    4.30561435035    -0.215792786695    4.4081362258    0.968    0.0576304053785    3.03117045541    1.59963733701e-22    0.0    14.7027906647    14.1678129755    20.4181041685  
42003785.9613    -9.11086560299    1.70046218414    0.094488760882    0.00186229362831    4.66953395194    0.544927759628    -0.00114464357723    4.7308224264    0.921799225894    5.6165134215    0.9825    0.628619950999    1.58555008358    1.2322058436e-22    0.0    28.1480041516    26.4710858366    38.6397272647  
19729691.0591    -9.1380305013    0.780585045278    0.13107995542    0.00453356457636    0.297106716685    0.945409118439    -0.38471212044    1.88494942864    0.834484347732    1.04780697204    0.9952    -0.491219803789    0.891259543587    1.27591991814e-22    0.0    18.8060362928    17.4640122408    25.664347344  
21532946.7406    -8.94141675893    1.0253228161    0.113495081135    0.00360300612048    4.93708050511    5.48951485381    -0.191078789946    0.233160548592    0.528214438619    3.45785757881    0.9965    -0.985223512758    4.76255472904    1.01976532251e-22    0.0    15.4091623154    14.0962135836    20.8840973149  
45176451.7066    -9.19662111065    0.618838623763    0.146548781687    0.00525559746908    6.09584616857    4.79226426434    0.454896527342    1.32297305677    0.689570858222    4.16272730357    0.9704    -0.530537419311    1.76633760139    1.38233407255e-22    0.0    17.7969844375    15.6822120822    23.7205487049  
58852256.397    -8.80493492959    1.05772779924    0.114354628047    0.0034856406678    4.66251924696    5.46073379942    -0.782028853229    5.03177699906    0.293223038447    0.292843164007    0.9894    -0.0225117915188    4.01767119064    9.0031807312e-23    0.0    16.0762540111    16.3499193829    22.9295836608  
24630382.6578    -9.13922250585    0.660809908446    0.00846019765064    0.00556834336441    0.482885756342    2.73672069648    -0.318577360969    5.46951541374    0.869602320848    4.44797329296    0.9773    -0.426242801952    0.278377303875    1.27786559531e-22    0.0    14.5862295482    16.0845209388    21.7133577842  
24065322.0823    -9.05371462103    1.60656358401    0.0441640062375    0.00211874903356    3.63948512737    3.76125807861    -0.469439488878    2.38409547448    0.161782149568    4.84096846554    0.9721    -0.391888923068    0.0489593353891    1.15019130337e-22    0.0    19.9576519565    20.8567766408    28.8671613336  
24217354.1994    -9.21298119341    0.439455516419    0.194280787259    0.00599511677038    2.9453643447    5.96335802613    -0.256973868858    5.64845908403    0.648640115687    3.17787888874    0.9714    0.522444140137    2.16934099992    1.41548542074e-22    0.0    14.6803154438    15.691302538    21.4878718553  
52218877.5608    -9.44164640584    1.83641537964    0.109859926465    0.0016058634587    0.943740355916    0.416545973544    -0.429602853104    0.0898283300467    -0.872845710684    3.77433518042    0.9524    0.0359323869021    5.76993504576    2.1382661914e-22    0.0    48.346140129    42.7111326455    64.5103876692  
59698186.666    -8.6898556055    1.43576234094    0.137035790216    0.00234208495862    2.96825813375    5.82481137798    0.695490881246    2.06249472399    0.461332361411    0.531475246753    0.9914    0.359915668123    4.33712768461    8.22745820886e-23    0.0    15.2109134505    15.3709109497    21.6249113621  
39256627.0881    -8.77217900521    1.63849897574    0.16717402963    0.00185870726191    1.12882934506    1.15626654277    0.942580775713    3.58618024279    0.420953581792    1.67530525955    0.9749    -0.422310387475    3.01008323545    8.7643121963e-23    0.0    14.4809313433    14.7909974459    20.6995405266  
60956674.7934    -9.16538874831    0.601716699154    0.0296835952092    0.00583825062328    2.17466716358    6.18945141732    -0.616618029222    0.048732171961    0.74757029912    4.13036105644    0.9959    0.76971185085    5.26244416157    1.32330348182e-22    0.0    17.211536932    15.8835711148    23.4206070571  
44591901.0229    -9.25896282065    0.273278947328    0.010124680396    0.00819687080958    2.65470303561    1.78225509422    -0.475605319582    3.83874281599    0.666270543005    3.80094181425    0.9758    -0.116435136915    6.24690320949    1.51812921635e-22    0.0    16.1923901655    18.5082694033    24.591655812  
24541377.154    -9.07702053497    0.370716360094    0.0915539990254    0.00705547614084    0.237181210488    5.83650659574    -0.677022076638    4.61541021538    0.509665815186    2.2197332002    0.9965    0.659325704738    3.6598321402    1.1822246491e-22    0.0    16.7078840505    15.4853461554    22.7804594993  
16644588.9915    -9.48179616619    0.119062637557    0.0910911743721    0.00907760359805    4.78907096659    0.366364363203    0.0378235328304    5.59784176024    0.812889521311    4.86685504847    0.9976    -0.947413854021    1.9018830003    2.34817513614e-22    0.0    23.5434064067    24.8058607515    34.1997472631  
35430919.9922    -8.80871851336    1.31137322885    0.129910826468    0.00266911285363    1.30227012522    3.06139111287    0.379364701979    3.15678724904    -0.30829829539    4.02718847754    0.9856    0.385866644498    0.773591762024    9.03229414063e-23    0.0    16.8812334551    16.7194026086    23.7595131801  
41174857.1074    -9.10349074172    1.01521944944    0.0751543743134    0.00374869976622    5.92746412978    0.395854269123    -0.35955293831    1.5739821128    0.860828933843    5.55120436405    0.9869    0.909718899575    2.93843255806    1.22094360994e-22    0.0    18.4659416926    17.9532602313    25.7548161618  
26805162.5391    -9.06136647937    1.48401272952    0.0188283264407    0.0024310169847    0.566361936007    4.40624944542    0.607212835853    0.82850795465    0.49227054175    5.83526901409    0.9798    0.547947606702    0.071978544822    1.16052465856e-22    0.0    21.7947175883    21.3543664138    30.5125987043  
32942580.4881    -8.98272192558    0.687674947979    0.13414754664    0.00496149685311    2.36287367623    5.09255665854    -0.0405867153016    2.07978720144    0.990424196813    4.68622621894    0.9748    0.169430323606    5.78854683229    1.06369464815e-22    0.0    18.8773347314    19.0852156607    26.8439792761  
6403837.87726    -9.32517466476    0.403017094633    0.0043552766846    0.0072211729778    5.67863027285    5.39043102722    -0.765353551528    0.170424848309    0.589545731064    0.850690428767    0.9786    -0.341627202411    4.82635567337    1.69642419986e-22    0.0    18.7029295436    20.6183792425    27.8373334948  
27451544.3434    -9.01016230795    1.4251533335    0.0204878797367    0.00257602314831    0.282222821403    2.39405018733    -0.427437679028    0.566988683039    -0.793782816142    5.41121627811    0.9864    0.711696407708    2.90779482042    1.09536139348e-22    0.0    14.014808673    17.0681024742    22.0847228692  
59906287.9583    -9.49703182779    0.181424093597    0.179795136508    0.00787913164606    0.384608106964    4.48869332758    -0.218225764699    1.13685957636    0.702992385161    2.63650443346    0.995    -0.274234800372    4.82090687299    2.43887077644e-22    0.0    31.4738986561    32.6826116399    45.3735539739  
62956726.4163    -9.34814362557    -0.399146661647    0.00335572700474    0.0161140546874    2.13847755524    5.0334434235    -0.848362923031    0.545009537376    -0.551201595307    2.89606341473    0.987    0.762954769518    4.76604811355    1.76849933948e-22    0.0    17.1279676847    17.1509416448    24.2388546824  
31115286.8727    -8.63987588201    1.16291963439    0.0679128902894    0.0032504951154    1.45419935082    4.97726789807    0.231062303818    2.26680986872    -0.0728391105224    2.83350262415    0.9675    0.585235927656    0.877306305084    7.94017448046e-23    0.0    14.314563964    14.3111923158    20.2414665225  
35780317.6676    -8.96537752812    0.840411348909    0.0195227191324    0.00462523005196    3.42506274513    5.81440459047    -0.351691550909    2.3550728298    0.140529623951    3.42659721862    0.9974    -0.811813654458    5.85040571967    1.04467509587e-22    0.0    12.7342742222    15.4796000339    20.0444445464  
20466295.1362    -8.86046818987    1.72313393157    0.0550073557022    0.00187255707258    1.81022122665    0.924056777117    -0.33574702842    2.90602091738    -0.35190328463    2.66536802255    0.977    -0.104904108121    4.91144475462    9.44693636756e-23    0.0    18.307775965    18.320880538    25.9003730567  
43721907.619    -9.1998815335    0.412029678692    0.18493074935    0.00622320561019    1.78504728858    2.41640118295    0.855376215423    0.225428062234    0.64658279668    2.27943791217    0.9961    0.707608430336    5.44023805802    1.3887290862e-22    0.0    15.383888192    15.54840433    21.8727431547  
33446754.2144    -9.25406249361    1.08730767604    0.0237864135872    0.00360469116016    0.61262514724    4.19393466836    -0.24876474666    2.51346775452    -0.0659557596423    5.84844059906    0.9925    -0.554375992259    2.71546977572    1.50643511029e-22    0.0    16.0174145329    17.7712428539    23.9243524655  
28445250.7445    -8.70326240944    1.50110394719    0.126841878394    0.00221375172431    0.976759326993    3.84684910793    0.704947539521    2.34272666743    0.980677742564    2.73085172556    0.9836    -0.701868973605    4.47499723451    8.30927001094e-23    0.0    16.5543166663    16.4118107318    23.3107900292  
37522650.5749    -8.81374149078    1.51611575341    0.18947456088    0.00205323392455    0.955157326464    2.56687295835    -0.40093053886    1.08486296237    0.624660208136    6.24540112887    0.9874    0.881040824821    3.93578511404    9.07061798481e-23    0.0    16.3794027947    16.1299274038    22.9882446908  
41647944.0051    -9.16916304983    1.76235967916    0.175013169729    0.00162932748166    3.65096974857    3.32845410079    0.473593687993    5.3043251791    0.821818991103    4.92094618069    0.9979    0.709119535412    1.40221189678    1.3302008648e-22    0.0    17.8006870658    19.2549404196    26.2224558456  
43086293.5418    -9.02478363901    1.00573754309    0.102578825784    0.00370692310171    3.73427489867    1.74526205429    0.791034717292    3.30688822467    -0.547943360483    0.487925956139    0.9818    -0.443955261577    6.25794025796    1.11313735723e-22    0.0    15.6582001568    16.2164210297    22.5422169088  
44378332.9419    -9.37734068647    0.635220331902    0.194372411592    0.00492873278868    3.71744559467    6.02743223282    0.259172260877    2.88655760622    -0.920830042082    1.07230712302    0.9951    -0.159547279093    3.58926033317    1.86971968386e-22    0.0    23.3626136591    22.3389542797    32.3239941111  
54570008.5476    -9.25221178365    1.78108520645    0.0306967014151    0.00179403871987    5.34607233616    4.74231435781    -0.145126401333    4.01605245219    0.248756636006    6.07134023972    0.998    0.956246155823    3.88475104005    1.50214501184e-22    0.0    35.3931010958    37.2257031939    51.3655972754  
42235125.0233    -9.24453714889    0.279875829769    0.108295765897    0.00762531622478    3.66795044581    3.03009616291    0.591582050118    3.96811726444    -0.245663077685    1.20568014248    0.9825    0.00800522745097    4.93956274673    1.48433077562e-22    0.0    21.1331344833    21.2066566548    29.9387985658  
27585187.7572    -8.94753321687    0.817269645499    0.0866102202653    0.00453118356123    2.10884571058    3.97038966493    0.0412916988983    4.50750434868    -0.270587912324    4.97590502002    0.974    -0.930802497772    3.09300112833    1.02600689686e-22    0.0    16.6622802716    16.232516675    23.2621190233  
54893354.5208    -9.34543374981    0.717784140615    0.0801734123914    0.00502900257485    0.920171369568    2.06962532308    0.834696263019    6.19542096557    0.183844628388    5.16726556298    0.9952    0.710479917177    6.05707653043    1.75980512615e-22    0.0    19.4477616877    19.2956274538    27.3959243958  
25778994.0244    -9.09340543835    0.931589539531    0.143019360351    0.00385662358905    1.60732361786    1.92224812087    -0.997444813122    4.2682271957    0.394107292731    3.53383426831    0.9812    -0.181317592704    3.13739543222    1.20581193138e-22    0.0    16.8897658827    16.9886270829    23.9557433977  
53997708.5837    -8.92328869816    1.24815069164    0.146794401193    0.00280037710266    0.719353029924    1.19226630521    0.293657283156    4.42589576602    0.675023332847    0.801057850526    0.9953    0.184844114543    0.956599995894    1.00172438897e-22    0.0    17.1571463813    16.7890238729    24.0049785368  
22410497.549    -9.33583906265    0.911125118192    0.196220156913    0.00373289555418    1.83641485819    0.588938284611    -0.81538746997    1.20610850885    0.230991215229    2.42500397657    0.9672    0.349880534882    0.897785026429    1.72905649283e-22    0.0    23.3923503924    25.9397873754    34.9295666443  
29322001.1178    -9.10442070658    0.629527515543    0.0535126061597    0.00559509019677    4.12913850559    1.18901370499    -0.342853370765    4.7290779305    0.22894750014    4.47218926074    0.9913    -0.657266808881    6.21632604815    1.22234870581e-22    0.0    21.1656854008    21.1365805636    29.9122262027  
40428233.4394    -9.07366381623    0.147959222697    0.048091176474    0.00908797156327    1.36912085509    2.14353050146    0.472863931359    3.27512881304    -0.56777768819    4.13879110187    0.9846    0.0548620575285    4.93945999901    1.17747221593e-22    0.0    14.1951744485    14.1162796481    20.019298907  
57872730.9472    -9.2163945881    0.518244409547    0.157226326319    0.00575360146577    4.74092869937    1.11032139401    -0.724280014967    1.76978764349    0.54215223301    3.08243706833    0.9724    0.960353848468    4.20573083207    1.42263213203e-22    0.0    18.1667235797    16.2144097333    24.3502962738  
48133045.3817    -9.65952760172    -1.47683095675    0.068707226368    0.0455133662526    5.50856783323    3.13571233573    0.36587926986    3.53153122751    0.867272086606    0.900651852258    0.9943    0.176009344871    2.54270044656    4.08996950255e-22    0.0    20.517399997    19.7610111249    28.4861591535  
38226285.9759    -9.27139826798    -0.303980623311    0.0479860108471    0.0142814076089    5.99468400505    1.89324626514    0.729843266797    5.32255473773    -0.067751732411    3.04526373568    0.9826    0.257743741502    0.676164977951    1.54867826702e-22    0.0    14.8748998125    15.4812836718    21.4693453221  
52607262.6702    -9.16144100373    0.727931712168    0.127682308154    0.00479288086004    4.99668129375    4.05072199616    0.661244061989    1.10018495009    0.24846605501    2.1124965244    0.9962    0.100837906133    1.90050582831    1.31629960156e-22    0.0    20.8617658563    20.7235261749    29.4054044653  
56041976.2837    -9.00855083391    0.437113734573    0.091569386749    0.0066021474669    5.42150615058    3.58424010638    0.388550103988    6.23919085499    -0.9798888445    0.514577689218    0.9688    0.176399651781    0.645408191683    1.09343457496e-22    0.0    16.2290382882    16.0118302201    22.7982541164  
11091434.9328    -9.34690068755    1.88695146414    0.021276914028    0.00162256368725    4.42528655999    5.98710432888    -0.306139680365    3.55519270505    0.779518237769    4.18551763107    0.9805    -0.719555918656    2.7394009462    1.76443218555e-22    0.0    20.4823578082    23.4527102162    31.137703799  
44812555.1183    -9.22265796793    -0.151163477059    0.13635215873    0.0114567601441    2.41972027236    4.46963009899    -0.813121740733    0.419635886475    0.885605595857    0.402222796737    0.998    0.960742539715    4.89042674845    1.43587535509e-22    0.0    17.1208552789    16.5744327979    23.8292993614  
